6 0.560258064516129 0.078875 0.021806451612903226 0.0258125
7 0.373010752688172 0.12640625 0.019290322580645163 0.0308125
1 0.5047096774193548 0.1565 0.022408602150537634 0.027750000000000004
3 0.6062365591397849 0.15518749999999998 0.020817204301075268 0.026125
1 0.5053333333333333 0.36653125000000003 0.02221505376344086 0.03121875
0 0.5037634408602151 0.74925 0.02638709677419355 0.03725
4 0.8410322580645161 0.5719375 0.02864516129032258 0.0385
5 0.6431397849462366 0.5315000000000001 0.023161290322580644 0.0335
5 0.700215053763441 0.74321875 0.026021505376344085 0.038843749999999996
5 0.5821935483870968 0.6058125000000001 0.022537634408602153 0.032125
5 0.3810322580645161 0.5702499999999999 0.02324731182795699 0.03528125
5 0.43483870967741933 0.67825 0.02460215053763441 0.03421875
5 0.4656774193548387 0.67471875 0.023096774193548386 0.0315625
5 0.49922580645161285 0.5934375000000001 0.022086021505376342 0.025
5 0.49286021505376343 0.60584375 0.01903225806451613 0.01890625
5 0.5163010752688172 0.6093124999999999 0.0201505376344086 0.028625
5 0.4818924731182796 0.6198750000000001 0.0209247311827957 0.02728125
5 0.5053333333333333 0.624375 0.02204301075268817 0.02971875
5 0.5191827956989247 0.63759375 0.020129032258064516 0.02615625
5 0.48593548387096774 0.64365625 0.02 0.031718750000000004
5 0.5000430107526882 0.659125 0.021161290322580645 0.029906250000000002
5 0.5238279569892473 0.6564687499999999 0.0223010752688172 0.03209375