7 0.38429648241206027 0.18309644670050762 0.02077889447236181 0.04060913705583756
3 0.5045477386934674 0.06609137055837563 0.020829145728643216 0.04101522842639594
2 0.4934924623115578 0.18634517766497463 0.019045226130653268 0.042233502538071066
1 0.49572864321608046 0.42817258883248727 0.019899497487437186 0.04725888324873097
4 0.38052763819095475 0.5228426395939086 0.02165829145728643 0.04319796954314721
6 0.2968341708542714 0.6884263959390863 0.022939698492462312 0.052944162436548224
0 0.505854271356784 0.9142131979695431 0.02223618090452261 0.05248730964467005
5 0.5400251256281408 0.9210659898477157 0.028341708542713565 0.04685279187817259
5 0.49331658291457287 0.8377664974619289 0.02469849246231156 0.04700507614213198
5 0.4630904522613065 0.8028426395939086 0.024020100502512565 0.04969543147208121
5 0.5214070351758794 0.7226395939086295 0.02701005025125628 0.04639593908629442
5 0.4687437185929648 0.6908629441624365 0.023366834170854275 0.048121827411167516
5 0.4281155778894472 0.6710659898477157 0.023517587939698492 0.044771573604060914
5 0.3894221105527638 0.6723857868020305 0.023844221105527637 0.04746192893401015
5 0.38726130653266333 0.7982741116751269 0.02550251256281407 0.04543147208121827
5 0.3570100502512563 0.7290862944162436 0.02484924623115578 0.04959390862944162
5 0.3514321608040201 0.800761421319797 0.028040201005025127 0.04314720812182741
5 0.3519849246231156 0.8791878172588832 0.02557788944723618 0.05010152284263959
5 0.24402010050251258 0.8907106598984772 0.02620603015075377 0.05385786802030457