3 0.6055395683453237 0.18504950495049508 0.022206235011990406 0.0450990099009901
5 0.49467625899280576 0.8007425742574258 0.023381294964028777 0.039455445544554456
0 0.4981294964028777 0.8330198019801981 0.02052757793764988 0.05054455445544555
6 0.4357553956834533 0.15366336633663366 0.023764988009592328 0.04321782178217822
7 0.3927817745803357 0.17975247524752477 0.021774580335731417 0.04336633663366336
2 0.4983932853717027 0.18336633663366336 0.018345323741007197 0.03331683168316832
1 0.502589928057554 0.4221287128712871 0.02194244604316547 0.04797029702970297
5 0.38086330935251794 0.657970297029703 0.024292565947242207 0.04930693069306931
5 0.42402877697841723 0.6970792079207921 0.021894484412470026 0.05079207920792079
5 0.640767386091127 0.6314356435643564 0.0213189448441247 0.055643564356435644
5 0.5274340527577938 0.7556930693069307 0.018872901678657076 0.05173267326732673
5 0.5103836930455635 0.7137623762376238 0.018345323741007197 0.042128712871287124
5 0.5347961630695444 0.7166831683168318 0.022805755395683452 0.05287128712871287
5 0.5217985611510791 0.6742574257425742 0.02081534772182254 0.024950495049504952
5 0.5237649880095924 0.6995544554455446 0.02354916067146283 0.04584158415841584
5 0.5066906474820144 0.6649504950495049 0.021750599520383693 0.04351485148514851
5 0.4836450839328537 0.6804950495049505 0.02122302158273381 0.03995049504950495
5 0.47263788968824944 0.7255445544554455 0.023213429256594722 0.04336633663366336
5 0.4760431654676259 0.7705445544554456 0.02040767386091127 0.04678217821782178
5 0.49875299760191844 0.6982178217821782 0.020287769784172665 0.04569306930693069
4 0.4997601918465228 0.6267326732673267 0.022278177458033573 0.026485148514851484