1 0.5019002375296913 0.42516587677725115 0.019453681710213777 0.0462085308056872
3 0.6093586698337292 0.18758293838862558 0.018669833729216153 0.03924170616113744
5 0.4392874109263658 0.8350710900473933 0.025890736342042756 0.05454976303317535
5 0.4994061757719715 0.6605687203791469 0.02066508313539192 0.03369668246445498
5 0.5273871733966746 0.6793364928909953 0.024251781472684086 0.04203791469194312
5 0.48432304038004753 0.6808530805687204 0.01971496437054632 0.028151658767772515
5 0.47729216152019 0.6955924170616115 0.02026128266033254 0.028388625592417064
5 0.46513064133016624 0.7151658767772512 0.02154394299287411 0.04327014218009479
5 0.5019002375296913 0.6923696682464455 0.01836104513064133 0.026777251184834126
5 0.4879334916864608 0.7144075829383887 0.02330166270783848 0.039336492890995264
5 0.5106650831353919 0.7164454976303317 0.022494061757719716 0.04341232227488152
5 0.5452256532066508 0.7184834123222749 0.01971496437054632 0.04744075829383886
5 0.533064133016627 0.7344549763033176 0.020997624703087886 0.04781990521327014
5 0.5039667458432304 0.7618009478672986 0.023705463182897863 0.04175355450236967
5 0.5936579572446556 0.6692417061611374 0.021591448931116388 0.048672985781990516
5 0.6314964370546319 0.7260189573459715 0.02173396674584323 0.04312796208530806
4 0.49724465558194775 0.6322274881516587 0.023657957244655584 0.025592417061611375
7 0.38752969121140146 0.17981042654028434 0.01980997624703088 0.03947867298578199
6 0.46479809976247033 0.04540284360189573 0.020878859857482182 0.03559241706161137
0 0.4988598574821853 0.831090047393365 0.024465558194774348 0.0490521327014218