6 0.43249406175771976 0.06483412322274881 0.023254156769596197 0.04530805687203792
7 0.38717339667458434 0.18255924170616114 0.019144893111638955 0.04744075829383886
3 0.6108788598574822 0.1844075829383886 0.01828978622327791 0.043791469194312795
1 0.5029928741092636 0.42516587677725115 0.022969121140142518 0.05630331753554503
5 0.44026128266033254 0.8336492890995261 0.0266270783847981 0.04928909952606635
0 0.4992161520190023 0.8338388625592417 0.02513064133016627 0.05701421800947867
5 0.5446318289786223 0.7167772511848342 0.022209026128266033 0.056208530805687204
5 0.6321615201900237 0.7339336492890995 0.02308788598574822 0.05161137440758294
5 0.5927553444180523 0.6731753554502369 0.02342042755344418 0.05165876777251185
5 0.5251543942992875 0.6787677725118484 0.02465558194774347 0.045829383886255924
5 0.5337767220902613 0.7364928909952607 0.02363420427553444 0.05189573459715639
5 0.5056294536817102 0.7672037914691943 0.025819477434679335 0.052559241706161136
5 0.4990973871733967 0.6632701421800947 0.02128266033254157 0.03909952606635071
5 0.48299287410926367 0.681090047393365 0.01831353919239905 0.03582938388625592
5 0.4635391923990499 0.7139336492890994 0.02201900237529691 0.0456872037914692
5 0.48847980997624707 0.7150236966824645 0.0195249406175772 0.0381042654028436
5 0.5116152019002375 0.7145023696682464 0.021947743467933493 0.0418957345971564
5 0.477624703087886 0.6935545023696683 0.020950118764845607 0.024360189573459715
5 0.5032304038004751 0.6906161137440758 0.01978622327790974 0.03298578199052132
4 0.4990736342042756 0.6322274881516587 0.02 0.025592417061611375