0 0.49755344418052255 0.8336966824644549 0.023040380047505936 0.051848341232227486
6 0.41327790973871736 0.08184834123222749 0.02380047505938242 0.03559241706161137
7 0.38624703087885986 0.1825118483412322 0.019667458432304035 0.04488151658767773
1 0.5025890736342042 0.41924170616113743 0.01971496437054632 0.04928909952606635
5 0.4395961995249406 0.8329383886255924 0.02527315914489311 0.047962085308056866
5 0.6331116389548694 0.735260663507109 0.022541567695961995 0.05431279620853081
5 0.5949881235154395 0.6725592417061611 0.023016627078384796 0.0528436018957346
5 0.5427553444180523 0.7154502369668246 0.02330166270783848 0.05350710900473933
5 0.5312351543942992 0.7345497630331754 0.02465558194774347 0.050426540284360194
5 0.5042755344418053 0.7665876777251185 0.02311163895486936 0.053791469194312796
5 0.4661520190023753 0.7159715639810427 0.02358669833729216 0.049715639810426544
5 0.5266508313539192 0.6787203791469195 0.020332541567695962 0.04327014218009479
5 0.5123040380047507 0.7178672985781991 0.02330166270783848 0.048672985781990516
5 0.48722090261282663 0.7161137440758294 0.02066508313539192 0.054881516587677724
5 0.4991686460807601 0.6646919431279621 0.0238479809976247 0.04436018957345971
5 0.4776484560570071 0.6970142180094786 0.022232779097387172 0.03369668246445498
5 0.4831353919239905 0.678436018957346 0.02344418052256532 0.03298578199052132
4 0.4988598574821853 0.634170616113744 0.024465558194774348 0.027061611374407584
5 0.5012589073634204 0.6886255924170617 0.01828978622327791 0.03151658767772512
3 0.6112826603325416 0.18554502369668247 0.02152019002375297 0.03881516587677725