7 0.40252609603340295 0.16893617021276594 0.021816283924843423 0.0282370820668693
2 0.504384133611691 0.16951367781155016 0.01962421711899791 0.02939209726443769
6 0.49958246346555324 0.36972644376899694 0.0244258872651357 0.02945288753799392
1 0.5039874739039666 0.4045592705167173 0.01883089770354906 0.032006079027355624
4 0.498517745302714 0.6273252279635257 0.026597077244258874 0.028936170212765955
5 0.868893528183716 0.6312158054711245 0.021565762004175367 0.03045592705167173
5 0.5836116910229645 0.7768693009118541 0.02112734864300626 0.03252279635258359
5 0.5250521920668059 0.7554103343465045 0.027870563674321502 0.03355623100303951
5 0.541169102296451 0.7194224924012158 0.021231732776617954 0.028693009118541033
5 0.5363465553235909 0.6939817629179331 0.024509394572025053 0.02601823708206687
5 0.5188308977035491 0.6842553191489362 0.021148225469728603 0.033829787234042556
5 0.5111482254697286 0.6438601823708207 0.01730688935281837 0.028480243161094224
5 0.5017954070981211 0.6566565349544072 0.02162839248434238 0.0331306990881459
5 0.4797912317327766 0.6737082066869301 0.02083507306889353 0.031610942249240125
5 0.49 0.6958358662613982 0.01962421711899791 0.0339209726443769
5 0.48359081419624217 0.7185410334346505 0.021231732776617954 0.03741641337386018
5 0.44647181628392485 0.6886626139817629 0.021878914405010438 0.03428571428571428
5 0.4321711899791231 0.858693009118541 0.024926931106471817 0.038905775075987845
5 0.28279749478079336 0.8791185410334347 0.021356993736951983 0.03993920972644377
0 0.5553027139874739 0.9189969604863223 0.02498956158663883 0.025379939209726442