0 0.4985510688836104 0.8297156398104265 0.025059382422802853 0.04635071090047393
5 0.4953444180522565 0.7960189573459716 0.024726840855106888 0.03
5 0.6094299287410926 0.7883412322274882 0.023895486935866985 0.05350710900473933
5 0.5100237529691212 0.6833175355450237 0.022422802850356294 0.04758293838862559
5 0.4969121140142517 0.7023222748815166 0.022969121140142518 0.0418957345971564
5 0.49014251781472684 0.7234123222748815 0.021615201900237527 0.04028436018957346
5 0.47251781472684085 0.7045023696682464 0.021686460807600953 0.051090047393364924
4 0.49496437054631826 0.6550710900473934 0.022779097387173396 0.04464454976303318
6 0.6809263657957245 0.6090995260663508 0.024346793349168647 0.04748815165876777
3 0.6044893111638955 0.18810426540284358 0.018883610451306414 0.0390521327014218
1 0.49586698337292157 0.1851184834123223 0.019643705463182896 0.04772511848341232
2 0.4859144893111639 0.1527962085308057 0.019239904988123516 0.03407582938388626
7 0.4148693586698337 0.19592417061611375 0.02332541567695962 0.045023696682464455