7 0.40217118997912316 0.17231003039513676 0.02252609603340292 0.030790273556231006
2 0.5036325678496869 0.17179331306990883 0.019540709812108557 0.03185410334346505
1 0.5016283924843424 0.4034954407294833 0.015553235908141963 0.034103343465045594
5 0.8681837160751567 0.6289969604863221 0.0230062630480167 0.03021276595744681
5 0.5832567849686847 0.7764741641337386 0.0218580375782881 0.037993920972644375
5 0.4316910229645094 0.8568085106382979 0.021085594989561585 0.030972644376899696
5 0.2809603340292276 0.8801215805471124 0.02342379958246347 0.03562310030395137
5 0.44572025052192066 0.6849544072948328 0.021795407098121083 0.039392097264437695
5 0.484384133611691 0.7190577507598784 0.022839248434237996 0.036382978723404256
5 0.5145929018789144 0.6466869300911854 0.018434237995824634 0.032066869300911856
5 0.5009812108559499 0.6554407294832826 0.020020876826722336 0.028571428571428574
5 0.4802296450939457 0.6737082066869301 0.02315240083507307 0.031610942249240125
5 0.48939457202505215 0.6946808510638298 0.025636743215031312 0.031610942249240125
5 0.5185386221294364 0.6859878419452887 0.024906054279749477 0.03729483282674772
5 0.5374112734864301 0.6950759878419454 0.022338204592901877 0.02613981762917933
5 0.541169102296451 0.7206382978723405 0.021231732776617954 0.03322188449848024
5 0.5241127348643007 0.754224924012158 0.020187891440501045 0.031246200607902733
0 0.5556576200417537 0.9200607902735563 0.024258872651356993 0.023282674772036476
4 0.4983507306889353 0.626079027355623 0.020521920668058455 0.024407294832826745
6 0.8731315240083508 0.6793617021276596 0.024279749478079333 0.03662613981762918