6 0.31487437185929645 0.6712182741116751 0.026708542713567842 0.049898477157360406
5 0.2427638190954774 0.8888324873096446 0.026055276381909544 0.05492385786802031
5 0.35208542713567836 0.876751269035533 0.02937185929648241 0.05492385786802031
5 0.34972361809045227 0.8014213197969543 0.02344221105527638 0.04446700507614213
5 0.3569849246231156 0.730253807106599 0.023592964824120606 0.047157360406091364
5 0.3884170854271357 0.6723350253807105 0.02185929648241206 0.044923857868020306
5 0.3884924623115578 0.7938578680203044 0.02437185929648241 0.04624365482233502
5 0.4292964824120603 0.667766497461929 0.01984924623115578 0.04060913705583756
5 0.46909547738693463 0.6887817258883249 0.025301507537688443 0.041573604060913705
5 0.5236683417085427 0.7257868020304568 0.02914572864321608 0.04543147208121827
5 0.4630904522613065 0.799492385786802 0.024020100502512565 0.042994923857868024
5 0.49165829145728646 0.8377157360406091 0.02135678391959799 0.04446700507614213
5 0.5381155778894472 0.9216243654822335 0.028140703517587937 0.043096446700507614
0 0.5062814070351759 0.9141116751269036 0.026683417085427135 0.04741116751269035
1 0.49489949748743717 0.4267005076142132 0.024221105527638193 0.03944162436548223
4 0.38183417085427135 0.5216751269035533 0.023040201005025126 0.04817258883248731
7 0.3855778894472362 0.18319796954314724 0.022185929648241207 0.04314720812182741
2 0.4932663316582914 0.18624365482233501 0.022160804020100504 0.03964467005076142
3 0.505929648241206 0.06614213197969543 0.024748743718592963 0.04360406091370558