7 0.37736342042755344 0.051516587677725115 0.022209026128266033 0.040331753554502366
1 0.5019002375296913 0.42516587677725115 0.019453681710213777 0.0462085308056872
2 0.5032066508313539 0.18758293838862558 0.020855106888361043 0.03924170616113744
3 0.6093586698337292 0.18758293838862558 0.018669833729216153 0.03924170616113744
5 0.44026128266033254 0.8324644549763034 0.0266270783847981 0.05431279620853081
5 0.5003800475059382 0.6607582938388625 0.02140142517814727 0.041374407582938394
5 0.4840142517814727 0.681563981042654 0.020332541567695962 0.029478672985781988
5 0.4775534441805226 0.6949289099526066 0.01836104513064133 0.027061611374407584
5 0.5025653206650832 0.6949289099526066 0.01843230403800475 0.027061611374407584
5 0.5254631828978622 0.6787203791469195 0.02403800475059382 0.04327014218009479
5 0.5426840855106888 0.7152132701421801 0.020736342042755346 0.045829383886255924
5 0.5327315914489311 0.7299052132701421 0.020332541567695962 0.043507109004739336
5 0.5136579572446556 0.714739336492891 0.026009501187648453 0.05218009478672986
5 0.4888836104513064 0.7159241706161138 0.022779097387173396 0.0471563981042654
5 0.4661520190023753 0.7119431279620853 0.02358669833729216 0.041658767772511845
5 0.5045605700712589 0.7618009478672986 0.021211401425178147 0.04175355450236967
5 0.5946555819477435 0.6672985781990521 0.022351543942992873 0.04720379146919432
5 0.6305463182897861 0.7298104265402844 0.022256532066508312 0.0409478672985782
0 0.4985510688836104 0.831090047393365 0.025059382422802853 0.0490521327014218
4 0.4981947743467934 0.6309004739336493 0.02311163895486936 0.025450236966824646
7 0.3872209026128266 0.1790995260663507 0.020427553444180523 0.0381042654028436
6 0.30653206650831355 0.16123222748815166 0.0234916864608076 0.03881516587677725