6 0.38494061757719716 0.10507109004739337 0.019548693586698338 0.04312796208530806
7 0.3857007125890736 0.1856872037914692 0.023467933491686462 0.04393364928909953
3 0.6106888361045131 0.1876777251184834 0.022755344418052256 0.047962085308056866
1 0.5038479809976247 0.41928909952606636 0.018574821852731592 0.051848341232227486
4 0.49980997624703083 0.6354976303317535 0.023919239904988124 0.02976303317535545
5 0.5948931116389549 0.6725118483412322 0.019168646080760094 0.050284360189573454
5 0.6319002375296912 0.7313744075829384 0.02496437054631829 0.05137440758293839
5 0.5251306413301663 0.6793838862559242 0.0233729216152019 0.044597156398104264
5 0.544916864608076 0.7140758293838863 0.020332541567695962 0.05080568720379147
5 0.5333491686460807 0.7325118483412323 0.019097387173396672 0.04635071090047393
5 0.5045605700712589 0.7644549763033176 0.021211401425178147 0.044597156398104264
5 0.43954869358669835 0.8324644549763034 0.023990498812351543 0.05431279620853081
5 0.4673634204275534 0.7171090047393365 0.02114014251781473 0.04473933649289099
5 0.4994536817102138 0.6645971563981042 0.021947743467933493 0.04180094786729858
5 0.48491686460807604 0.6781042654028436 0.01850356294536817 0.02018957345971564
5 0.4799287410926366 0.6956398104265403 0.02311163895486936 0.03099526066350711
5 0.488812351543943 0.7157819905213271 0.020190023752969122 0.04203791469194312
5 0.5126365795724466 0.7178199052132702 0.023990498812351543 0.04611374407582938
5 0.5035391923990499 0.6878199052132701 0.019168646080760094 0.025023696682464455