6 0.33180522565320664 0.14132701421800947 0.021638954869358667 0.035450236966824644
7 0.38717339667458434 0.17981042654028434 0.019144893111638955 0.03947867298578199
3 0.6106175771971496 0.18170616113744079 0.020166270783847983 0.03838862559241706
1 0.5022565320665083 0.4184834123222749 0.019049881235154394 0.04535545023696683
4 0.49923990498812354 0.6340758293838862 0.026413301662707837 0.024502369668246444
0 0.499501187648456 0.831090047393365 0.024536817102137766 0.0490521327014218
5 0.44026128266033254 0.8336966824644549 0.0266270783847981 0.051848341232227486
5 0.5042042755344418 0.7606635071090048 0.020522565320665084 0.04677725118483412
5 0.5026128266033254 0.6930331753554502 0.020997624703087886 0.028151658767772515
5 0.4836817102137767 0.6790521327014218 0.019667458432304035 0.031800947867298576
5 0.4776484560570071 0.6928436018957346 0.022232779097387172 0.020426540284360188
5 0.4988361045130641 0.6638862559241707 0.02318289786223278 0.03786729857819905
5 0.5257007125890736 0.6787677725118484 0.020855106888361043 0.045829383886255924
5 0.5947743467933492 0.6710900473933649 0.027482185273159144 0.045023696682464455
5 0.6312589073634204 0.7312322274881516 0.02491686460807601 0.0462085308056872
5 0.5442992874109264 0.7178199052132702 0.02154394299287411 0.04611374407582938
5 0.5337529691211401 0.7318957345971564 0.022351543942992873 0.04758293838862559
5 0.5131828978622328 0.7169194312796209 0.020190023752969122 0.03706161137440758
5 0.4888836104513064 0.7132701421800948 0.022779097387173396 0.04436018957345971
5 0.4664845605700712 0.7127488151658767 0.024251781472684086 0.048104265402843606