0 0.5001425178147269 0.8316587677725118 0.024584323040380048 0.04781990521327014
5 0.6331116389548694 0.7280094786729858 0.022541567695961995 0.044597156398104264
5 0.5956532066508313 0.6731753554502369 0.024370546318289787 0.05165876777251185
5 0.5257719714964371 0.6799999999999999 0.02344418052256532 0.04341232227488152
5 0.4990973871733967 0.665829383886256 0.02128266033254157 0.039336492890995264
5 0.544916864608076 0.7146445497630332 0.020332541567695962 0.047061611374407585
5 0.5317814726840855 0.7324644549763034 0.020855106888361043 0.043791469194312795
5 0.5138479809976247 0.7164454976303317 0.02154394299287411 0.04341232227488152
5 0.48921615201900237 0.7137440758293838 0.02344418052256532 0.03800947867298578
5 0.4667933491686461 0.7151658767772512 0.023657957244655584 0.04327014218009479
5 0.4778859857482185 0.6930331753554502 0.019049881235154394 0.028151658767772515
5 0.5034679334916865 0.6924644549763034 0.01660332541567696 0.03194312796208531
5 0.48204275534441804 0.6777251184834123 0.018836104513064132 0.02909952606635071
5 0.43824228028503565 0.8303317535545023 0.022565320665083134 0.045118483412322274
5 0.5039667458432304 0.760521327014218 0.023705463182897863 0.04161137440758293
1 0.5022802850356295 0.418436018957346 0.020332541567695962 0.042796208530805686
3 0.612185273159145 0.1851184834123223 0.01840855106888361 0.04772511848341232
7 0.3885035629453682 0.1790995260663507 0.020546318289786224 0.0381042654028436
6 0.3398099762470309 0.13511848341232227 0.02185273159144893 0.04246445497630332