6 0.37152019002375297 0.114739336492891 0.020688836104513067 0.045450236966824646
7 0.38624703087885986 0.18109004739336493 0.019667458432304035 0.039620853080568716
7 0.6103800475059383 0.1843127962085308 0.023349168646080762 0.041232227488151654
1 0.5019477434679335 0.41914691943127963 0.019643705463182896 0.0466824644549763
4 0.4987885985748219 0.6309004739336493 0.021876484560570075 0.025450236966824646
5 0.5946080760095012 0.6710900473933649 0.021045130641330165 0.045023696682464455
5 0.631187648456057 0.7307109004739337 0.022327790973871733 0.05
5 0.4990973871733967 0.6644075829383886 0.02128266033254157 0.03407582938388626
5 0.48458432304038 0.6782938388625592 0.017838479809976247 0.027867298578199053
5 0.4792874109263658 0.6934123222748815 0.023040380047505936 0.019241706161137438
5 0.46486935866983375 0.7145023696682464 0.02344418052256532 0.0418957345971564
5 0.48921615201900237 0.713127962085308 0.02344418052256532 0.03919431279620853
5 0.504251781472684 0.688483412322275 0.02182897862232779 0.026398104265402844
5 0.5266508313539192 0.6793838862559242 0.020332541567695962 0.044597156398104264
5 0.544228028503563 0.714739336492891 0.018978622327790975 0.05218009478672986
5 0.533040380047506 0.7306161137440759 0.01971496437054632 0.04744075829383886
5 0.5129691211401426 0.7164454976303317 0.02465558194774347 0.04341232227488152
5 0.5057957244655582 0.7613270142180094 0.02004750593824228 0.048104265402843606
5 0.4402375296912114 0.8303317535545023 0.025344418052256533 0.045118483412322274
0 0.499501187648456 0.831090047393365 0.024536817102137766 0.0490521327014218