5 0.6095249406175772 0.7848815165876778 0.02491686460807601 0.052654028436018956
5 0.4961757719714964 0.7949289099526066 0.02496437054631829 0.032606635071090045
5 0.5127078384798099 0.6817535545023696 0.02318289786223278 0.04184834123222749
5 0.4965083135391924 0.699478672985782 0.024299287410926365 0.045118483412322274
5 0.49014251781472684 0.7213270142180094 0.023610451306413302 0.04601895734597157
5 0.4714251781472684 0.7022748815165877 0.02377672209026128 0.04540284360189573
4 0.49363420427553445 0.6528436018957346 0.022589073634204274 0.04023696682464455
0 0.4976959619952494 0.8311374407582939 0.023990498812351543 0.05146919431279621
3 0.6039904988123516 0.1885781990521327 0.020997624703087886 0.037109004739336496
1 0.49463182897862235 0.18341232227488152 0.019334916864608077 0.038625592417061615
2 0.48527315914489316 0.15597156398104264 0.019382422802850355 0.03886255924170616
7 0.41491686460807603 0.1933175355450237 0.0197624703087886 0.04071090047393365
6 0.6792874109263658 0.6067298578199053 0.025938242280285035 0.04895734597156398