3 0.6503872437357631 0.1131629392971246 0.022209567198177675 0.03108626198083067
4 0.6155808656036447 0.06261980830670927 0.02164009111617312 0.026869009584664538
2 0.5138952164009112 0.20859424920127798 0.022574031890660592 0.030287539936102236
7 0.3692710706150342 0.1901597444089457 0.022847380410022777 0.0305111821086262
6 0.6438268792710706 0.13971246006389776 0.022300683371298403 0.030638977635782747
1 0.5606378132118451 0.48539936102236425 0.02052391799544419 0.03763578274760383
2 0.3527562642369021 0.7273162939297125 0.02651480637813212 0.03920127795527156
5 0.2916856492027335 0.6730670926517571 0.02783599088838269 0.03782747603833866
5 0.3194305239179954 0.8310223642172524 0.024555808656036446 0.04249201277955272
5 0.1446013667425968 0.5796805111821086 0.023211845102505693 0.03453674121405751
5 0.12216400911161732 0.6670926517571886 0.022391799544419135 0.03830670926517572