0 0.5031116389548693 0.8412796208530805 0.029073634204275535 0.05393364928909953
1 0.5026128266033254 0.4245971563981043 0.02204275534441805 0.04739336492890995
3 0.6106175771971496 0.18876777251184834 0.018812351543942993 0.036777251184834124
6 0.3068646080760095 0.16203791469194312 0.024156769596199525 0.04526066350710901
7 0.3882422802850356 0.18175355450236969 0.022446555819477434 0.0409478672985782
5 0.5936579572446556 0.673127962085308 0.021591448931116388 0.0490521327014218
5 0.6292161520190023 0.7303317535545023 0.020855106888361043 0.05066350710900474
5 0.49750593824228023 0.6588625592417062 0.02175771971496437 0.04246445497630332
5 0.525083135391924 0.6772511848341233 0.022090261282660333 0.035450236966824644
5 0.5443705463182898 0.7164928909952607 0.024109263657957247 0.04597156398104265
5 0.5336817102137767 0.7345497630331754 0.01978622327790974 0.050426540284360194
5 0.484228028503563 0.6828909952606635 0.015866983372921615 0.03218009478672986
5 0.5029216152019003 0.6911374407582939 0.02040380047505938 0.02924170616113744
5 0.5138242280285036 0.7199052132701422 0.02026128266033254 0.05270142180094786
5 0.4778622327790974 0.6935071090047394 0.01776722090261283 0.021800947867298578
5 0.4661520190023753 0.714739336492891 0.02358669833729216 0.05218009478672986
5 0.48983372921615204 0.7132701421800948 0.022232779097387172 0.04436018957345971
5 0.5043230403800475 0.7651658767772511 0.024394299287410926 0.04853080568720379
5 0.43926365795724465 0.8350710900473933 0.024608076009501188 0.05454976303317535
4 0.4994536817102138 0.6302369668246445 0.021947743467933493 0.024123222748815166