3 0.6059952038369304 0.180990099009901 0.01892086330935252 0.04089108910891089
2 0.49848920863309354 0.180990099009901 0.022134292565947244 0.04089108910891089
6 0.4360191846522782 0.14905940594059405 0.021894484412470026 0.04143564356435643
7 0.39182254196642685 0.17975247524752477 0.02103117505995204 0.04336633663366336
1 0.5006235011990408 0.41683168316831687 0.01920863309352518 0.04480198019801981
4 0.4985611510791367 0.6281683168316832 0.024676258992805754 0.03183168316831683
5 0.6408872901678657 0.6286138613861386 0.026378896882494004 0.047524752475247525
5 0.5038129496402878 0.662029702970297 0.02081534772182254 0.030198019801980197
5 0.5224220623501199 0.6744059405940593 0.020863309352517984 0.030198019801980197
5 0.5239328537170264 0.7011386138613861 0.017865707434052757 0.031683168316831684
5 0.5362589928057554 0.7144554455445544 0.01853717026378897 0.04351485148514851
5 0.5275059952038369 0.7555940594059406 0.021414868105515586 0.046534653465346534
5 0.5116067146282973 0.7119306930693069 0.01721822541966427 0.04584158415841584
5 0.4984652278177458 0.698910891089109 0.02088729016786571 0.04707920792079208
5 0.48419664268585133 0.6792079207920791 0.018752997601918467 0.039801980198019796
5 0.47697841726618706 0.7706930693069307 0.019880095923261388 0.05202970297029703
5 0.47294964028776976 0.7242079207920792 0.022613908872901677 0.04321782178217822