5 0.582839248434238 0.778693009118541 0.02106471816283925 0.03820668693009119
5 0.5241753653444676 0.749756838905775 0.023235908141962424 0.028571428571428574
5 0.4316910229645094 0.8553495440729484 0.021085594989561585 0.03854103343465046
5 0.2833194154488518 0.8795136778115502 0.02670146137787056 0.03446808510638298
5 0.44572025052192066 0.6848328267477204 0.021795407098121083 0.034984802431610944
5 0.5142171189979123 0.6444376899696049 0.019144050104384133 0.029635258358662615
5 0.5018580375782881 0.6578723404255319 0.024676409185803758 0.03765957446808511
5 0.4797912317327766 0.6719756838905775 0.02083507306889353 0.02811550151975684
5 0.49043841336116906 0.695258358662614 0.021962421711899792 0.03276595744680851
5 0.48475991649269307 0.718936170212766 0.022108559498956157 0.03194528875379939
5 0.5195824634655533 0.6859878419452887 0.021231732776617954 0.03729483282674772
5 0.5361795407098121 0.692917933130699 0.018434237995824634 0.02811550151975684
5 0.5403757828810021 0.7207598784194529 0.01962421711899791 0.03765957446808511
4 0.4987891440501044 0.6255015197568389 0.022839248434237996 0.02322188449848024
0 0.5541753653444677 0.9195136778115501 0.025615866388308976 0.0243161094224924
1 0.5032776617954071 0.40170212765957447 0.0202713987473904 0.028419452887537992
7 0.4028601252609603 0.16893617021276594 0.019561586638830897 0.0282370820668693
2 0.5028183716075156 0.1721884498480243 0.017954070981210855 0.026382978723404255
5 0.8687265135699374 0.6323100303951368 0.025073068893528182 0.030577507598784196
6 0.8743006263048018 0.6738905775075988 0.025156576200417537 0.0382370820668693