7 0.4168171021377672 0.1979620853080569 0.024821852731591446 0.0490521327014218
2 0.48458432304038 0.15597156398104264 0.017838479809976247 0.033127962085308056
1 0.4967933491686461 0.18649289099526067 0.019121140142517815 0.050426540284360194
3 0.6047743467933492 0.1856872037914692 0.016983372921615204 0.04393364928909953
4 0.49406175771971494 0.6562559241706161 0.024584323040380048 0.039620853080568716
5 0.5102612826603325 0.6813270142180095 0.019239904988123516 0.04611374407582938
5 0.49805225653206653 0.6997630331753555 0.017957244655581947 0.041658767772511845
5 0.4731591448931116 0.7050236966824645 0.02175771971496437 0.04729857819905214
5 0.49204275534441805 0.7245971563981042 0.020546318289786224 0.03786729857819905
5 0.6088598574821852 0.7859241706161137 0.026389548693586697 0.05834123222748815
5 0.49724465558194775 0.7928436018957346 0.023657957244655584 0.0309478672985782
0 0.49724465558194775 0.8336966824644549 0.023657957244655584 0.051848341232227486