3 0.6055395683453237 0.18574257425742577 0.022206235011990406 0.046485148514851485
5 0.4969064748201439 0.6993069306930693 0.022973621103117507 0.048019801980198014
7 0.3930455635491607 0.17905940594059408 0.019904076738609115 0.04198019801980198
6 0.436642685851319 0.15178217821782178 0.02196642685851319 0.044306930693069305
2 0.5003597122302158 0.18084158415841584 0.02107913669064748 0.03564356435643565
1 0.5010311750599521 0.41559405940594063 0.02239808153477218 0.04727722772277228
5 0.6421342925659472 0.6341584158415842 0.025251798561151076 0.06113861386138614
5 0.38086330935251794 0.6532673267326733 0.024292565947242207 0.0449009900990099
5 0.4253237410071943 0.6943069306930693 0.02328537170263789 0.045297029702970296
5 0.5271223021582734 0.7525742574257426 0.019472422062350118 0.05534653465346535
5 0.535347721822542 0.7179702970297029 0.020335731414868108 0.05297029702970297
5 0.5107194244604316 0.7145544554455445 0.019016786570743405 0.04613861386138614
5 0.5205035971223022 0.6737128712871288 0.019400479616306955 0.028811881188118813
5 0.503189448441247 0.6663366336633663 0.020743405275779378 0.04628712871287129
5 0.4839088729016786 0.67990099009901 0.019352517985611512 0.04118811881188119
5 0.47354916067146285 0.7202475247524753 0.021414868105515586 0.04019801980198019
5 0.47470023980815346 0.7668316831683168 0.017745803357314148 0.05420792079207921
5 0.501127098321343 0.8014356435643564 0.026211031175059952 0.03178217821782178
0 0.5003836930455635 0.8378217821782179 0.02235011990407674 0.05257425742574257
5 0.5226618705035971 0.6972772277227722 0.017745803357314148 0.033910891089108906
4 0.5010551558752998 0.6308910891089109 0.02366906474820144 0.0347029702970297