5 0.5109738717339668 0.6860189573459715 0.021876484560570075 0.05298578199052133
5 0.6120665083135393 0.7890995260663507 0.0267458432304038 0.05739336492890995
5 0.4920902612826603 0.724218009478673 0.02311163895486936 0.04677725118483412
5 0.49643705463182897 0.6913270142180095 0.017149643705463184 0.03691943127962085
5 0.47382422802850355 0.7024644549763033 0.02311163895486936 0.047061611374407585
5 0.49496437054631826 0.8002369668246445 0.022779097387173396 0.04322274881516587
0 0.4994061757719715 0.8343127962085307 0.02066508313539192 0.05066350710900474
4 0.4933254156769596 0.6570616113744076 0.02066508313539192 0.04611374407582938
7 0.4157482185273159 0.19260663507109005 0.020213776722090262 0.04080568720379146
2 0.4848693586698337 0.15611374407582937 0.015938242280285037 0.03824644549763033
1 0.49646080760095007 0.1843127962085308 0.01843230403800475 0.041232227488151654
3 0.6054631828978623 0.18497630331753556 0.019643705463182896 0.04255924170616114