6 0.43673860911270984 0.15074257425742574 0.023093525179856116 0.04366336633663367
7 0.3921103117505995 0.1770792079207921 0.02043165467625899 0.040495049504950496
2 0.5000239808153477 0.17836633663366336 0.02040767386091127 0.04059405940594059
3 0.6069304556354916 0.18301980198019802 0.018393285371702636 0.045
1 0.501726618705036 0.4169306930693069 0.02501199040767386 0.047425742574257426
4 0.5010551558752998 0.6288118811881188 0.02366906474820144 0.030594059405940593
0 0.5012949640287769 0.833069306930693 0.020551558752997603 0.04554455445544554
5 0.6414868105515588 0.6323267326732673 0.025179856115107913 0.0400990099009901
5 0.5037170263788969 0.6647029702970297 0.01700239808153477 0.03306930693069307
5 0.5207434052757793 0.6748514851485148 0.016282973621103116 0.023712871287128713
5 0.5239088729016786 0.7012871287128712 0.016618705035971224 0.03693069306930693
5 0.5359952038369304 0.7131683168316831 0.02040767386091127 0.04336633663366336
5 0.5281294964028777 0.7551485148514852 0.02146282973621103 0.055594059405940595
5 0.5116786570743406 0.715990099009901 0.019736211031175063 0.05148514851485149
5 0.49779376498800965 0.6967821782178217 0.019544364508393287 0.04034653465346535
5 0.48383693045563547 0.6818811881188119 0.016810551558753 0.04267326732673267
5 0.47258992805755395 0.7216336633663367 0.020695443645083935 0.04297029702970297
5 0.4763069544364508 0.7674752475247525 0.01856115107913669 0.05297029702970297
5 0.4248920863309353 0.6961881188118811 0.01882494004796163 0.041584158415841586
5 0.38146282973621104 0.653960396039604 0.023093525179856116 0.04628712871287129
5 0.500263788968825 0.8005940594059406 0.017290167865707435 0.025198019801980196