3 0.6109263657957245 0.1843127962085308 0.019572446555819478 0.041232227488151654
7 0.38755344418052257 0.1818957345971564 0.021092636579572447 0.046066350710900476
6 0.24206650831353918 0.20734597156398105 0.022470308788598577 0.04109004739336493
4 0.49757719714964366 0.6335071090047393 0.024323040380047508 0.025734597156398104
0 0.5001425178147269 0.830473933649289 0.024584323040380048 0.05023696682464455
5 0.44061757719714967 0.8343601895734598 0.027315914489311165 0.05322274881516588
5 0.5914251781472685 0.667914691943128 0.02199524940617577 0.04597156398104265
5 0.6306413301662708 0.7306161137440759 0.026128266033254157 0.04744075829383886
5 0.5263657957244655 0.6781042654028436 0.022209026128266033 0.04450236966824645
5 0.5449881235154395 0.7171090047393365 0.0228978622327791 0.04473933649289099
5 0.5333729216152019 0.7338862559241706 0.02038004750593824 0.0490521327014218
5 0.4994774346793349 0.6652132701421801 0.023230403800475058 0.040568720379146925
5 0.48467933491686466 0.6790995260663507 0.021686460807600953 0.034360189573459717
5 0.4776484560570071 0.689431279620853 0.022232779097387172 0.013696682464454976
5 0.5022802850356295 0.688436018957346 0.020332541567695962 0.023838862559241707
5 0.5135154394299287 0.7151184834123222 0.020878859857482182 0.04071090047393365
5 0.48950118764845607 0.7127488151658767 0.02154394299287411 0.048104265402843606
5 0.4661520190023753 0.7127488151658767 0.02358669833729216 0.048104265402843606
5 0.5036817102137767 0.763175355450237 0.024323040380047508 0.04445497630331754
1 0.5010926365795725 0.41962085308056873 0.024061757719714968 0.04037914691943128