1 0.5599088838268793 0.48418530351437705 0.021981776765375854 0.03319488817891374
2 0.512756264236902 0.20591054313099041 0.023211845102505693 0.03108626198083067
7 0.3689066059225512 0.1891373801916933 0.02357630979498861 0.03255591054313099
6 0.6458314350797266 0.13766773162939297 0.024829157175398634 0.034760383386581474
3 0.6504328018223235 0.11134185303514378 0.023758542141230066 0.023322683706070286
4 0.615626423690205 0.06271565495207668 0.02318906605922551 0.031214057507987218
5 0.29123006833712983 0.6714057507987221 0.025466970387243736 0.0365814696485623
5 0.14617312072892938 0.5807028753993609 0.02337129840546697 0.032460063897763576
5 0.12107061503416856 0.6675718849840255 0.024601366742596813 0.035079872204472846
5 0.3190660592255125 0.8297444089456868 0.025307517084282458 0.035846645367412146
0 0.35157175398633256 0.728370607028754 0.02562642369020501 0.037124600638977635