1 0.5019002375296913 0.42516587677725115 0.019453681710213777 0.0462085308056872
3 0.6093586698337292 0.18758293838862558 0.018669833729216153 0.03924170616113744
0 0.49954869358669834 0.8297156398104265 0.025819477434679335 0.04635071090047393
5 0.4404275534441805 0.8303791469194313 0.020878859857482182 0.047677725118483415
5 0.4990973871733967 0.6625592417061612 0.02128266033254157 0.03772511848341232
5 0.48434679334916864 0.6790995260663507 0.021021377672209025 0.034360189573459717
5 0.4769833729216152 0.6936492890995262 0.020878859857482182 0.02691943127962085
5 0.5029691211401425 0.6918957345971565 0.021686460807600953 0.033127962085308056
5 0.5266033254156769 0.6743127962085308 0.019049881235154394 0.04663507109004739
5 0.5442755344418052 0.7159715639810427 0.02026128266033254 0.049715639810426544
5 0.5338242280285036 0.7319905213270141 0.02491686460807601 0.05014218009478673
5 0.5123040380047507 0.7164928909952607 0.02330166270783848 0.04597156398104265
5 0.4900950118764846 0.7156872037914691 0.020332541567695962 0.03947867298578199
5 0.4664608076009501 0.7151658767772512 0.022969121140142518 0.04327014218009479
5 0.5046080760095012 0.7684360189573459 0.02377672209026128 0.05014218009478673
5 0.5943705463182898 0.6671090047393364 0.024228028503562943 0.03947867298578199
5 0.6314014251781472 0.7285781990521326 0.024631828978622327 0.04341232227488152
7 0.38693586698337296 0.1790995260663507 0.022304038004750594 0.0381042654028436
6 0.28057007125890737 0.17981042654028434 0.023966745843230403 0.03947867298578199