6 0.2520665083135392 0.20355450236966827 0.024156769596199525 0.04327014218009479
7 0.38693586698337296 0.18170616113744079 0.022304038004750594 0.03838862559241706
3 0.6109263657957245 0.1838388625592417 0.019572446555819478 0.04758293838862559
1 0.5023277909738717 0.4184834123222749 0.021615201900237527 0.04535545023696683
4 0.499501187648456 0.6348341232227488 0.024536817102137766 0.02843601895734597
0 0.4991686460807601 0.8278199052132701 0.0238479809976247 0.04739336492890995
5 0.4383847980997625 0.8329383886255924 0.027719714964370545 0.047962085308056866
5 0.4994061757719715 0.6600947867298578 0.02066508313539192 0.04004739336492891
5 0.5257957244655582 0.6786255924170616 0.024726840855106888 0.04071090047393365
5 0.5943467933491686 0.6710900473933649 0.02294536817102138 0.045023696682464455
5 0.6327790973871733 0.7272985781990522 0.02185273159144893 0.04327014218009479
5 0.48498812351543946 0.6797156398104265 0.021068883610451304 0.033127962085308056
5 0.5019002375296913 0.690521327014218 0.01836104513064133 0.03042654028436019
5 0.4798812351543943 0.688436018957346 0.02182897862232779 0.023838862559241707
5 0.4664133016627079 0.713127962085308 0.021686460807600953 0.03919431279620853
5 0.48983372921615204 0.7138388625592418 0.022232779097387172 0.040568720379146925
5 0.5126128266033254 0.7190047393364929 0.022707838479809977 0.04364928909952607
5 0.5334441805225654 0.7311848341232228 0.022969121140142518 0.04364928909952607
5 0.54270783847981 0.7146445497630332 0.02201900237529691 0.047061611374407585
5 0.5039667458432304 0.7640284360189574 0.023705463182897863 0.05350710900473933