6 0.31612826603325417 0.1528436018957346 0.02320665083135392 0.0366350710900474
7 0.38603325415676965 0.18308056872037917 0.024133016627078386 0.04364928909952607
1 0.5019002375296913 0.4177251184834123 0.01836104513064133 0.0414218009478673
0 0.4991686460807601 0.8303791469194313 0.0238479809976247 0.047677725118483415
3 0.6109263657957245 0.1825118483412322 0.019572446555819478 0.04488151658767773
4 0.4982185273159145 0.6315165876777251 0.024394299287410926 0.024265402843601895
5 0.4997149643705463 0.6607582938388625 0.02007125890736342 0.041374407582938394
5 0.48458432304038 0.6790995260663507 0.017838479809976247 0.034360189573459717
5 0.5254156769596199 0.6767772511848342 0.022755344418052256 0.04180094786729858
5 0.5956532066508313 0.6692417061611374 0.024370546318289787 0.048672985781990516
5 0.6325178147268409 0.7256398104265404 0.023752969121140142 0.05203791469194313
5 0.54270783847981 0.7146445497630332 0.02201900237529691 0.047061611374407585
5 0.5336817102137767 0.7324644549763034 0.01978622327790974 0.043791469194312795
5 0.503562945368171 0.7600473933649289 0.020475059382422802 0.047962085308056866
5 0.5131828978622328 0.7171090047393365 0.020190023752969122 0.04473933649289099
5 0.5032066508313539 0.6922748815165877 0.01850356294536817 0.02421800947867299
5 0.47893111638954866 0.6982938388625592 0.022375296912114016 0.03379146919431279
5 0.4668171021377672 0.7165876777251184 0.02494061757719715 0.04853080568720379
5 0.48990498812351546 0.7151658767772512 0.024798099762470306 0.04327014218009479
5 0.4395249406175772 0.8324644549763034 0.022707838479809977 0.05431279620853081