7 0.387624703087886 0.17924170616113744 0.023657957244655584 0.04327014218009479
6 0.44885985748218526 0.0590521327014218 0.024323040380047508 0.04341232227488152
3 0.6110213776722091 0.18450236966824646 0.02342042755344418 0.048909952606635075
1 0.5032541567695962 0.42303317535545026 0.021068883610451304 0.04710900473933649
5 0.43859857482185277 0.8317535545023697 0.024536817102137766 0.05037914691943128
5 0.5043230403800475 0.7645971563981043 0.024394299287410926 0.049715639810426544
5 0.49876484560570067 0.662654028436019 0.020593824228028502 0.04028436018957346
5 0.5263657957244655 0.679004739336493 0.022209026128266033 0.05350710900473933
5 0.48432304038004753 0.6803317535545024 0.01971496437054632 0.03194312796208531
5 0.4770546318289786 0.6956398104265403 0.02344418052256532 0.03099526066350711
5 0.4661282660332542 0.7164928909952607 0.022304038004750594 0.04597156398104265
5 0.4885748218527316 0.7177251184834124 0.0233729216152019 0.043507109004739336
5 0.5128978622327791 0.7198104265402844 0.022090261282660333 0.05014218009478673
5 0.5337529691211401 0.735260663507109 0.022351543942992873 0.05431279620853081
5 0.543729216152019 0.7171090047393365 0.02403800475059382 0.04473933649289099
5 0.5944418052256532 0.6731753554502369 0.02681710213776722 0.05165876777251185
5 0.6319239904988124 0.7334597156398104 0.026270783847981 0.057962085308056875
4 0.4982185273159145 0.6362085308056873 0.024394299287410926 0.03113744075829384
0 0.49957244655581945 0.8324644549763034 0.027102137767220903 0.05431279620853081
5 0.5036104513064134 0.6893364928909952 0.02175771971496437 0.03289099526066351