6 0.6805463182897862 0.6079620853080568 0.022399049881235155 0.05246445497630332
4 0.4963182897862233 0.6545023696682464 0.025463182897862233 0.045829383886255924
5 0.509667458432304 0.6812322274881517 0.020475059382422802 0.0409478672985782
5 0.6097624703087885 0.7858293838862559 0.024560570071258905 0.05578199052132701
5 0.4946793349168646 0.7934597156398103 0.0233729216152019 0.029715639810426537
5 0.49755344418052255 0.7003317535545024 0.023040380047505936 0.03786729857819905
5 0.4731828978622328 0.7023222748815166 0.023040380047505936 0.0418957345971564
5 0.49175771971496435 0.7234123222748815 0.022422802850356294 0.04028436018957346
0 0.49565320665083135 0.8322748815165878 0.024109263657957247 0.04658767772511849
7 0.4156769596199525 0.19317535545023695 0.017648456057007125 0.03706161137440758
2 0.48553444180522565 0.15426540284360188 0.017292161520190023 0.0418957345971564
1 0.49572446555819477 0.1867298578199052 0.014513064133016628 0.03635071090047393
3 0.6055106888361045 0.18701421800947868 0.020926365795724468 0.04663507109004739