0 0.5001900237529692 0.8295734597156398 0.025890736342042756 0.04118483412322275
5 0.4401900237529691 0.8316113744075829 0.024061757719714968 0.04526066350710901
5 0.6335154394299287 0.7292890995260664 0.025795724465558192 0.04473933649289099
5 0.5946793349168646 0.6718483412322275 0.02363420427553444 0.04895734597156398
5 0.5254631828978622 0.676303317535545 0.02403800475059382 0.048104265402843606
5 0.5440380047505938 0.7152132701421801 0.02344418052256532 0.045829383886255924
5 0.5343942992874109 0.7304265402843602 0.022422802850356294 0.039763033175355456
5 0.4990973871733967 0.6639336492890996 0.02128266033254157 0.040426540284360185
5 0.48467933491686466 0.6809952606635071 0.021686460807600953 0.03327014218009478
5 0.4779572446555819 0.6947867298578199 0.021615201900237527 0.021943127962085307
5 0.5022802850356295 0.6929383886255924 0.020332541567695962 0.025592417061611375
5 0.46513064133016624 0.7138862559241705 0.02154394299287411 0.04312796208530806
5 0.4882185273159145 0.7164928909952607 0.02142517814726841 0.04597156398104265
5 0.5100712589073635 0.7151658767772512 0.023705463182897863 0.04327014218009479
5 0.5032541567695962 0.760521327014218 0.021068883610451304 0.04161137440758293
4 0.49954869358669834 0.6327488151658768 0.025819477434679335 0.021800947867298578
1 0.5029216152019003 0.4168720379146919 0.02040380047505938 0.032417061611374406
7 0.38755344418052257 0.18123222748815168 0.021092636579572447 0.04473933649289099
6 0.45548693586698336 0.044834123222748816 0.020546318289786224 0.03938388625592417
3 0.6119714964370546 0.18492890995260666 0.02287410926365796 0.04