2 0.5037160751565762 0.17167173252279636 0.022588726513569937 0.02741641337386018
7 0.40281837160751566 0.17167173252279636 0.01805845511482255 0.02741641337386018
1 0.5036743215031315 0.40291793313069907 0.02106471816283925 0.032948328267477206
4 0.4979958246346555 0.6255015197568389 0.021231732776617954 0.02322188449848024
5 0.8705010438413362 0.6278419452887538 0.02475991649269311 0.02790273556231003
5 0.582839248434238 0.7741337386018237 0.02106471816283925 0.033343465045592706
5 0.4321711899791231 0.8570516717325228 0.024926931106471817 0.03981762917933131
5 0.2832776617954071 0.8795744680851064 0.025198329853862212 0.03668693009118541
5 0.512776617954071 0.6445592705167174 0.022025052192066807 0.03407294832826748
5 0.5018371607515657 0.6573556231003039 0.02315240083507307 0.03872340425531915
5 0.4461169102296451 0.6848328267477204 0.022609603340292276 0.034984802431610944
5 0.47943632567849687 0.6731306990881459 0.021544885177453028 0.03045592705167173
5 0.4906680584551148 0.6963525835866261 0.01987473903966597 0.032887537993920975
5 0.484384133611691 0.7213981762917934 0.022839248434237996 0.041033434650455926
5 0.5244676409185803 0.7530699088145897 0.019457202505219207 0.028905775075987843
5 0.540062630480167 0.7183586626139817 0.0218580375782881 0.030790273556231006
5 0.5389352818371607 0.6943768996960485 0.022505219206680582 0.02054711246200608
5 0.519624217118998 0.6831003039513678 0.022755741127348645 0.031489361702127655
0 0.5544885177453027 0.9211550151975684 0.023382045929018786 0.023404255319148935
6 0.8439039665970773 0.6329483282674773 0.021962421711899792 0.03395136778115501