5 0.6102137767220902 0.7867298578199052 0.023871733966745846 0.05663507109004739
5 0.49553444180522566 0.7956872037914692 0.02465558194774347 0.038720379146919434
5 0.5117102137767221 0.6809952606635071 0.01950118764845606 0.04383886255924171
5 0.49505938242280284 0.7007109004739336 0.023752969121140142 0.044218009478672986
5 0.49026128266033253 0.7204265402843602 0.02066508313539192 0.04454976303317536
5 0.4730878859857482 0.7007109004739336 0.020570071258907363 0.044218009478672986
4 0.49548693586698334 0.653696682464455 0.02294536817102138 0.04781990521327014
3 0.6043230403800475 0.1823696682464455 0.02149643705463183 0.03876777251184834
1 0.49294536817102136 0.18308056872037917 0.019548693586698338 0.040142180094786734
2 0.4854394299287411 0.15364928909952608 0.019429928741092634 0.0357345971563981
7 0.41496437054631824 0.19483412322274882 0.02114014251781473 0.041374407582938394
6 0.6807838479809977 0.6087677725118483 0.022399049881235155 0.05180094786729858
0 0.49757719714964366 0.8383886255924171 0.026247030878859857 0.0495260663507109