6 0.8663465553235908 0.6582978723404256 0.025073068893528182 0.03218844984802432
5 0.8689770354906055 0.6282978723404256 0.024592901878914403 0.024620060790273554
5 0.5809603340292275 0.7751975683890577 0.021607515657620043 0.031246200607902733
5 0.524258872651357 0.7527051671732522 0.02626304801670146 0.03659574468085106
5 0.4306054279749478 0.8553191489361701 0.023235908141962424 0.036322188449848025
5 0.2826096033402923 0.8785410334346505 0.0281419624217119 0.03878419452887538
5 0.44572025052192066 0.687629179331307 0.021795407098121083 0.036382978723404256
5 0.5158246346555324 0.6462917933130699 0.022338204592901877 0.037537993920972644
5 0.5017954070981211 0.6560790273556231 0.02162839248434238 0.03194528875379939
5 0.4793945720250522 0.6731914893617021 0.020041753653444676 0.03264437689969605
5 0.4891858037578288 0.6945592705167173 0.01803757828810021 0.027173252279635258
5 0.4839874739039666 0.7201215805471124 0.022025052192066807 0.03428571428571428
5 0.5200208768267224 0.6835562310030395 0.023549060542797495 0.0282370820668693
5 0.5366597077244258 0.6969300911854103 0.022254697286012527 0.03404255319148936
5 0.5404175365344468 0.7206990881458967 0.021148225469728603 0.035440729483282675
4 0.5002713987473904 0.6251063829787233 0.021461377870563673 0.028693009118541033
1 0.5037160751565762 0.4023404255319149 0.022588726513569937 0.03179331306990882
7 0.40329853862212944 0.17015197568389057 0.021899791231732777 0.03276595744680851
2 0.5043423799582464 0.17109422492401216 0.01812108559498956 0.026261398176291795