6 0.3644418052256532 0.12085308056872038 0.01995249406175772 0.03582938388625592
7 0.3876009501187649 0.18123222748815168 0.022375296912114016 0.04473933649289099
3 0.612185273159145 0.18497630331753556 0.01840855106888361 0.04255924170616114
1 0.5028503562945368 0.4209952606635071 0.017814726840855107 0.043080568720379145
4 0.4987885985748219 0.6328909952606635 0.021876484560570075 0.02691943127962085
0 0.4991448931116389 0.8309952606635072 0.022565320665083134 0.04649289099526067
5 0.4399049881235154 0.8343601895734598 0.02467933491686461 0.05322274881516588
5 0.4999762470308789 0.6650710900473934 0.01817102137767221 0.035450236966824644
5 0.525083135391924 0.6774881516587677 0.022090261282660333 0.0456872037914692
5 0.5440380047505938 0.7170616113744076 0.02344418052256532 0.042180094786729856
5 0.5337054631828979 0.7298104265402844 0.021068883610451304 0.0409478672985782
5 0.5946080760095012 0.6704265402843602 0.021045130641330165 0.04369668246445498
5 0.6334916864608076 0.7319905213270141 0.024489311163895487 0.05014218009478673
5 0.5138242280285036 0.7178199052132702 0.02026128266033254 0.04611374407582938
5 0.4895724465558195 0.713127962085308 0.024133016627078386 0.03919431279620853
5 0.46425178147268403 0.7132227488151659 0.02467933491686461 0.04175355450236967
5 0.48527315914489316 0.6817061611374408 0.019192399049881237 0.034644549763033175
5 0.47691211401425176 0.6902369668246445 0.01831353919239905 0.02018957345971564
5 0.5019002375296913 0.6901421800947868 0.01836104513064133 0.015023696682464454
5 0.5048456057007126 0.7637914691943127 0.020593824228028502 0.04322274881516587