3 0.6039192399049881 0.18255924170616114 0.02140142517814727 0.04744075829383886
1 0.4953206650831354 0.18497630331753556 0.02344418052256532 0.04255924170616114
2 0.4860332541567696 0.15492890995260664 0.024394299287410926 0.04327014218009479
7 0.41674584323040376 0.19592417061611375 0.022232779097387172 0.045023696682464455
6 0.6809263657957245 0.6085308056872039 0.024346793349168647 0.048672985781990516
4 0.4943942992874109 0.6543601895734596 0.02527315914489311 0.04071090047393365
0 0.4973396674584323 0.8360663507109004 0.027505938242280287 0.04445497630331754
5 0.6088598574821852 0.786303317535545 0.026389548693586697 0.04943127962085308
5 0.5116627078384798 0.6819431279620852 0.023230403800475058 0.04488151658767773
5 0.4974821852731591 0.7018009478672986 0.020475059382422802 0.0456872037914692
5 0.4731828978622328 0.7044549763033174 0.023040380047505936 0.04853080568720379
5 0.49014251781472684 0.7229857819905213 0.021615201900237527 0.049194312796208534
5 0.49475059382422804 0.7942654028436019 0.025938242280285035 0.0362085308056872