0 0.4991448931116389 0.8356398104265402 0.022565320665083134 0.053364928909952605
6 0.4048693586698337 0.08753554502369668 0.021638954869358667 0.03232227488151659
7 0.3872209026128266 0.18308056872037917 0.020427553444180523 0.04364928909952607
3 0.611187648456057 0.1843127962085308 0.017672209026128267 0.041232227488151654
1 0.5028503562945368 0.42303317535545026 0.017814726840855107 0.04710900473933649
5 0.6318289786223278 0.7344549763033176 0.022399049881235155 0.04781990521327014
5 0.5947268408551069 0.6750236966824645 0.02491686460807601 0.048009478672985786
5 0.5263657957244655 0.6793364928909953 0.022209026128266033 0.04203791469194312
5 0.5439429928741093 0.7184834123222749 0.019572446555819478 0.04744075829383886
5 0.5324703087885986 0.7330331753554502 0.022209026128266033 0.04255924170616114
5 0.5040142517814726 0.7670616113744075 0.024988123515439428 0.04744075829383886
5 0.5141567695961995 0.7152132701421801 0.020926365795724468 0.045829383886255924
5 0.5025653206650832 0.6918009478672986 0.01843230403800475 0.03056872037914692
5 0.4880997624703088 0.7165876777251184 0.017553444180522564 0.04853080568720379
5 0.4668171021377672 0.7151658767772512 0.02494061757719715 0.04327014218009479
5 0.47748218527315917 0.691611374407583 0.015795724465558197 0.02289099526066351
5 0.48498812351543946 0.6803317535545024 0.021068883610451304 0.03194312796208531
5 0.49843230403800476 0.6612796208530806 0.019928741092636582 0.03758293838862559
4 0.49684085510688836 0.6295734597156398 0.02040380047505938 0.022748815165876776