6 0.3549406175771972 0.1247867298578199 0.024085510688836107 0.03881516587677725
7 0.38629453681710213 0.18061611374407582 0.022256532066508312 0.04597156398104265
3 0.6119477434679335 0.18497630331753556 0.021591448931116388 0.04255924170616114
1 0.5016152019002376 0.4184834123222749 0.018978622327790975 0.04535545023696683
4 0.4976722090261283 0.6304265402843603 0.028171021377672207 0.026398104265402844
0 0.4994774346793349 0.8311374407582939 0.023230403800475058 0.05161137440758294
5 0.6324703087885986 0.7313744075829384 0.022470308788598577 0.05137440758293839
5 0.5947268408551069 0.6739336492890995 0.02491686460807601 0.05554502369668247
5 0.5257957244655582 0.6781516587677725 0.024726840855106888 0.047061611374407585
5 0.543064133016627 0.7167772511848342 0.022684085510688838 0.056208530805687204
5 0.5328028503562945 0.7337440758293838 0.0228978622327791 0.04393364928909953
5 0.4990973871733967 0.6614218009478673 0.02128266033254157 0.04274881516587677
5 0.48458432304038 0.6824170616113745 0.017838479809976247 0.038530805687203795
5 0.47826603325415673 0.6949289099526066 0.021021377672209025 0.027061611374407584
5 0.46541567695961994 0.7138862559241705 0.019667458432304035 0.04312796208530806
5 0.48786223277909735 0.7190995260663506 0.020736342042755346 0.0462085308056872
5 0.5028503562945368 0.6880094786729857 0.017814726840855107 0.03274881516587678
5 0.5129453681710213 0.7148341232227489 0.0233729216152019 0.054739336492891
5 0.5042042755344418 0.7645023696682465 0.020522565320665084 0.0471563981042654
5 0.4404988123515439 0.8343601895734598 0.02344418052256532 0.05322274881516588