0 0.49757719714964366 0.8316587677725118 0.024323040380047508 0.04781990521327014
6 0.6805938242280284 0.6077725118483412 0.023681710213776724 0.0447867298578199
5 0.6090973871733967 0.7875355450236966 0.023230403800475058 0.04701421800947867
5 0.4947743467933492 0.7934597156398103 0.027244655581947747 0.029715639810426537
5 0.5107125890736341 0.6825592417061612 0.02377672209026128 0.04364928909952607
5 0.4959857482185273 0.7003317535545024 0.024798099762470306 0.03786729857819905
5 0.49085510688836104 0.7236492890995261 0.024251781472684086 0.05056872037914692
5 0.4728503562945368 0.7038388625592417 0.022375296912114016 0.04976303317535545
4 0.49496437054631826 0.6562559241706161 0.022779097387173396 0.039620853080568716
7 0.41551068883610454 0.19469194312796206 0.02339667458432304 0.04744075829383886
2 0.4839904988123515 0.15426540284360188 0.019049881235154394 0.0418957345971564
1 0.49610451306413306 0.1842654028436019 0.01648456057007126 0.03867298578199052
3 0.60458432304038 0.18492890995260666 0.022755344418052256 0.04