1 0.5019002375296913 0.42516587677725115 0.019453681710213777 0.0462085308056872
3 0.6093586698337292 0.18758293838862558 0.018669833729216153 0.03924170616113744
5 0.43855106888361045 0.830473933649289 0.021971496437054632 0.05023696682464455
5 0.4997387173396674 0.662654028436019 0.021353919239904987 0.04028436018957346
5 0.4836342042755345 0.6790995260663507 0.01836104513064133 0.034360189573459717
5 0.4778147268408551 0.696350710900474 0.01648456057007126 0.03232227488151659
5 0.5038717339667458 0.6912796208530806 0.019857482185273157 0.034360189573459717
5 0.5253681710213777 0.6767772511848342 0.020190023752969122 0.04180094786729858
5 0.5446318289786223 0.7126066350710901 0.022209026128266033 0.042985781990521325
5 0.5331353919239905 0.730568720379147 0.02356294536817102 0.04488151658767773
5 0.5116152019002375 0.7165876777251184 0.021947743467933493 0.04853080568720379
5 0.488646080760095 0.7132227488151659 0.025938242280285035 0.04175355450236967
5 0.4661520190023753 0.7119431279620853 0.02358669833729216 0.041658767772511845
5 0.5036342042755344 0.760521327014218 0.023040380047505936 0.04161137440758293
5 0.5939667458432304 0.6664454976303318 0.020997624703087886 0.03815165876777252
5 0.6314964370546319 0.727914691943128 0.02173396674584323 0.04203791469194312
4 0.4978859857482186 0.6315165876777251 0.023705463182897863 0.024265402843601895
0 0.5000950118764845 0.8328909952606636 0.02201900237529691 0.04540284360189573
7 0.38755344418052257 0.17971563981042654 0.021092636579572447 0.03691943127962085
0 0.298812351543943 0.16635071090047393 0.022660332541567695 0.039336492890995264