6 0.4356115107913669 0.15024752475247524 0.0186810551558753 0.036336633663366334
7 0.3927817745803357 0.17896039603960395 0.021774580335731417 0.03935643564356436
2 0.49937649880095925 0.18173267326732673 0.020335731414868108 0.04485148514851486
3 0.6069544364508394 0.18113861386138616 0.019664268585131893 0.04608910891089109
1 0.5016786570743405 0.4169306930693069 0.023741007194244605 0.047425742574257426
4 0.4987769784172662 0.6348019801980197 0.0215347721822542 0.035148514851485145
5 0.6403836930455636 0.632029702970297 0.019376498800959232 0.054405940594059406
5 0.5034772182254197 0.6673762376237624 0.020143884892086333 0.03594059405940594
5 0.4851558752997602 0.678118811881188 0.019472422062350118 0.047524752475247525
5 0.47393285371702637 0.7229207920792079 0.02460431654676259 0.043069306930693066
5 0.476378896882494 0.7681683168316831 0.02107913669064748 0.054356435643564356
5 0.5010311750599521 0.7993069306930694 0.02239808153477218 0.025049504950495047
5 0.5284172661870503 0.7517326732673267 0.020863309352517984 0.048712871287128715
5 0.5230695443645084 0.6742574257425742 0.020935251798561153 0.024950495049504952
5 0.5241726618705036 0.6997524752475247 0.014748201438848921 0.02896039603960396
5 0.5003597122302158 0.6990594059405941 0.02107913669064748 0.05232673267326733
5 0.5122541966426859 0.7133168316831683 0.017290167865707435 0.048613861386138615
5 0.5347242206235012 0.7145544554455445 0.02026378896882494 0.04613861386138614
5 0.42376498800959234 0.6983663366336633 0.023764988009592328 0.05094059405940594
5 0.38273381294964026 0.6572772277227723 0.023237410071942445 0.04792079207920792