6 0.2279334916864608 0.22213270142180094 0.020997624703087886 0.04393364928909953
7 0.386270783847981 0.1790995260663507 0.020950118764845607 0.0381042654028436
3 0.6106888361045131 0.18369668246445497 0.022755344418052256 0.04246445497630332
1 0.5023277909738717 0.4181042654028436 0.021615201900237527 0.054265402843601894
4 0.4985035629453682 0.6348815165876778 0.022494061757719716 0.03099526066350711
0 0.49988123515439425 0.8316587677725118 0.02648456057007126 0.04781990521327014
5 0.4388836104513064 0.8296682464454976 0.022636579572446556 0.043791469194312795
5 0.5003800475059382 0.663744075829384 0.02140142517814727 0.03274881516587678
5 0.5260332541567696 0.6787203791469195 0.02154394299287411 0.04327014218009479
5 0.5943705463182898 0.6691469194312796 0.024228028503562943 0.04355450236966824
5 0.6315201900237529 0.7285308056872037 0.023016627078384796 0.04080568720379146
5 0.5433966745843231 0.7159715639810427 0.0233729216152019 0.049715639810426544
5 0.5334441805225654 0.7297630331753554 0.022969121140142518 0.03838862559241706
5 0.5022565320665083 0.6904739336492891 0.019049881235154394 0.027867298578199053
5 0.4833491686460808 0.6797156398104265 0.018978622327790975 0.033127962085308056
5 0.478646080760095 0.6948341232227488 0.022969121140142518 0.024502369668246444
5 0.5132779097387173 0.7190047393364929 0.02403800475059382 0.04364928909952607
5 0.48950118764845607 0.7151184834123222 0.02154394299287411 0.04071090047393365
5 0.46741092636579573 0.7132227488151659 0.022422802850356294 0.04175355450236967
5 0.5039429928741093 0.7580094786729857 0.022422802850356294 0.04393364928909953