5 0.6087648456057008 0.785260663507109 0.024608076009501188 0.052559241706161136
5 0.4943942992874109 0.7963507109004739 0.02657957244655582 0.033933649289099525
5 0.5112589073634205 0.6828909952606635 0.024228028503562943 0.045118483412322274
5 0.493895486935867 0.7000473933649289 0.024061757719714968 0.03867298578199052
5 0.4913776722090261 0.7207582938388626 0.022137767220902615 0.04251184834123223
5 0.4719714964370546 0.7028436018957347 0.022565320665083134 0.050521327014218013
6 0.6789548693586698 0.6072511848341232 0.023752969121140142 0.05037914691943128
0 0.4957007125890736 0.8348341232227489 0.029216152019002378 0.05777251184834123
4 0.49434679334916865 0.6537914691943127 0.02494061757719715 0.033838862559241706
1 0.4942517814726841 0.18364928909952608 0.021615201900237527 0.03938388625592417
2 0.48465558194774344 0.15549763033175357 0.01812351543942993 0.033127962085308056
7 0.415771971496437 0.19791469194312794 0.021615201900237527 0.04914691943127962
3 0.6041805225653207 0.18469194312796208 0.02330166270783848 0.04772511848341232