6 0.43695443645083937 0.15094059405940594 0.021366906474820143 0.03772277227722772
7 0.39311750599520384 0.18133663366336636 0.022422062350119905 0.05396039603960396
2 0.49906474820143887 0.18034653465346534 0.01968824940047962 0.042128712871287124
3 0.6062829736211031 0.1855940594059406 0.01832134292565947 0.04267326732673267
1 0.5006235011990408 0.4176237623762376 0.01920863309352518 0.04881188118811881
4 0.49937649880095925 0.6323762376237624 0.020335731414868108 0.042722772277227726
5 0.6417505995203837 0.6321287128712871 0.023309352517985615 0.05698019801980198
5 0.5271702637889688 0.7509900990099009 0.020743405275779378 0.04475247524752475
5 0.5007194244604317 0.7999999999999999 0.022997601918465227 0.026435643564356435
5 0.5354196642685851 0.715891089108911 0.022877697841726618 0.048861386138613856
5 0.5223980815347722 0.6728712871287128 0.01961630695443645 0.02222772277227723
5 0.5227098321342926 0.7006930693069306 0.019016786570743405 0.040742574257425744
5 0.5104556354916068 0.7125247524752476 0.02088729016786571 0.0446039603960396
5 0.4983932853717027 0.6987128712871287 0.018345323741007197 0.03925742574257426
5 0.5040767386091127 0.6658415841584159 0.018944844124700242 0.02797029702970297
5 0.48426858513189447 0.67990099009901 0.021270983213429254 0.04118811881188119
5 0.4728776978417266 0.7243564356435643 0.02009592326139089 0.04846534653465346
5 0.4754676258992806 0.7669306930693068 0.022877697841726618 0.056831683168316834
5 0.4244604316546763 0.6945049504950495 0.026354916067146284 0.053118811881188124
5 0.38112709832134295 0.6540594059405941 0.022422062350119905 0.048861386138613856