5 0.5933254156769596 0.6671563981042654 0.020926365795724468 0.04203791469194312
5 0.6324703087885986 0.7319905213270141 0.022470308788598577 0.05014218009478673
5 0.4994774346793349 0.6633175355450237 0.023230403800475058 0.041658767772511845
5 0.48498812351543946 0.6817535545023696 0.021068883610451304 0.03720379146919431
5 0.4766983372921615 0.694218009478673 0.022779097387173396 0.025734597156398104
5 0.46486935866983375 0.7130805687203792 0.02344418052256532 0.0366350710900474
5 0.488978622327791 0.7145497630331754 0.0266270783847981 0.04445497630331754
5 0.5026128266033254 0.6871090047393364 0.020997624703087886 0.021137440758293838
5 0.5257719714964371 0.6801421800947867 0.02344418052256532 0.04853080568720379
5 0.5142042755344418 0.7190995260663506 0.022232779097387172 0.0462085308056872
5 0.5433966745843231 0.7152132701421801 0.0233729216152019 0.045829383886255924
5 0.5331116389548693 0.7325118483412323 0.022280285035629455 0.04635071090047393
5 0.50458432304038 0.7613270142180094 0.022494061757719716 0.048104265402843606
5 0.4395249406175772 0.8309478672985783 0.022707838479809977 0.043886255924170614
0 0.5004988123515439 0.8336492890995261 0.02527315914489311 0.04928909952606635
4 0.49814726840855106 0.6335071090047393 0.02182897862232779 0.025734597156398104
1 0.5026603325415677 0.4184834123222749 0.022280285035629455 0.04535545023696683
7 0.3873159144893112 0.1785781990521327 0.024275534441805226 0.0418957345971564
6 0.2693349168646081 0.18876777251184834 0.02342042755344418 0.040426540284360185
3 0.6115201900237529 0.18744075829383886 0.01833729216152019 0.03772511848341232