7 0.41553444180522564 0.19464454976303316 0.02467933491686461 0.04488151658767773
2 0.48503562945368167 0.15473933649289098 0.022351543942992873 0.035545023696682464
1 0.4968646080760095 0.1852132701421801 0.021686460807600953 0.050284360189573454
3 0.6052731591448931 0.18635071090047395 0.024109263657957247 0.04526066350710901
6 0.3929691211401425 0.7799052132701422 0.015676959619952493 0.048767772511848335
0 0.4985035629453682 0.833175355450237 0.022494061757719716 0.05563981042654029
5 0.6110451306413301 0.7900947867298579 0.02470308788598575 0.04729857819905214
5 0.4953206650831354 0.794218009478673 0.02344418052256532 0.03364928909952607
5 0.4914014251781473 0.7208530805687203 0.020475059382422802 0.04
5 0.5124940617577197 0.6812322274881517 0.018836104513064132 0.0409478672985782
5 0.49845605700712586 0.6985781990521327 0.021211401425178147 0.04407582938388626
5 0.4734916864608076 0.7050236966824645 0.022422802850356294 0.04729857819905214
4 0.493396674584323 0.6523696682464455 0.023230403800475058 0.03924170616113744