6 0.36190023752969125 0.12085308056872038 0.020973871733966747 0.03582938388625592
7 0.38693586698337296 0.1804739336492891 0.022304038004750594 0.04080568720379146
3 0.6102375296912115 0.1843127962085308 0.01821852731591449 0.041232227488151654
1 0.5039192399049881 0.423696682464455 0.02114014251781473 0.04843601895734598
0 0.5004988123515439 0.8316587677725118 0.02527315914489311 0.04781990521327014
4 0.4978859857482186 0.6297156398104266 0.023705463182897863 0.027867298578199053
5 0.43883610451306415 0.828957345971564 0.021353919239904987 0.0424170616113744
5 0.4997862232779097 0.663127962085308 0.022636579572446556 0.033933649289099525
5 0.5249881235154394 0.6767772511848342 0.01821852731591449 0.04180094786729858
5 0.5449406175771971 0.7172037914691943 0.021615201900237527 0.04729857819905214
5 0.5322327790973872 0.7351658767772512 0.02539192399049881 0.049194312796208534
5 0.5035391923990499 0.691611374407583 0.019168646080760094 0.02289099526066351
5 0.5131353919239905 0.7204265402843602 0.018907363420427554 0.048909952606635075
5 0.5054869358669833 0.7625592417061612 0.02066508313539192 0.0456872037914692
5 0.4898099762470309 0.7125118483412323 0.020950118764845607 0.040426540284360185
5 0.4655344418052257 0.7118483412322274 0.024798099762470306 0.0390521327014218
5 0.47883610451306413 0.6901895734597157 0.01850356294536817 0.017630331753554503
5 0.48296912114014257 0.6769668246445498 0.017007125890736344 0.025165876777251184
5 0.5942992874109263 0.6725118483412322 0.02166270783847981 0.050284360189573454
5 0.631187648456057 0.7339336492890995 0.022327790973871733 0.05161137440758294