5 0.14542141230068337 0.5791054313099041 0.024851936218678816 0.03338658146964856
5 0.12143507972665149 0.6664217252396166 0.02387243735763098 0.03281150159744409
5 0.2915489749430524 0.6696805111821087 0.02318906605922551 0.03313099041533546
5 0.3215261958997722 0.8338658146964856 0.03020501138952164 0.04821086261980831
0 0.353120728929385 0.7286900958466455 0.025785876993166288 0.029584664536741214
1 0.5605922551252848 0.48619808306709267 0.0189749430523918 0.026900958466453673
7 0.3701366742596811 0.19079872204472842 0.02601366742596811 0.03383386581469649
2 0.511617312072893 0.2080191693290735 0.02387243735763098 0.029137380191693287
4 0.6160364464692483 0.06105431309904153 0.024009111617312073 0.029968051118210864
3 0.6480410022779044 0.12198083067092652 0.02041002277904328 0.03635782747603834
6 0.6402733485193621 0.13817891373801916 0.019612756264236902 0.03373801916932907