6 0.4356834532374101 0.15084158415841584 0.02122302158273381 0.035099009900990095
7 0.3937170263788969 0.18247524752475247 0.02122302158273381 0.048861386138613856
2 0.49971223021582734 0.18103960396039603 0.021007194244604316 0.04351485148514851
3 0.6072661870503597 0.180990099009901 0.019064748201438848 0.04089108910891089
1 0.5012470023980815 0.4176732673267327 0.019280575539568343 0.05143564356435644
5 0.6417026378896882 0.6328712871287129 0.02079136690647482 0.06099009900990099
5 0.5347242206235012 0.7172277227722772 0.02026378896882494 0.04900990099009901
5 0.5274580335731415 0.7523267326732673 0.020143884892086333 0.047475247524752476
5 0.5012470023980815 0.8006930693069307 0.019280575539568343 0.027821782178217822
5 0.5126139088729017 0.7112376237623762 0.01920863309352518 0.04445544554455446
5 0.5231894484412469 0.6939108910891089 0.014004796163069544 0.029603960396039606
5 0.5204796163069544 0.6722772277227723 0.01815347721822542 0.023465346534653465
5 0.5035251798561151 0.6666336633663367 0.021414868105515586 0.03198019801980198
5 0.5003597122302158 0.6948514851485149 0.02107913669064748 0.04143564356435643
5 0.4832134292565947 0.6787128712871286 0.016762589928057556 0.04628712871287129
5 0.4726139088729017 0.722970297029703 0.02194244604316547 0.04569306930693069
5 0.4757074340527578 0.7693069306930693 0.019760191846522782 0.04925742574257425
5 0.42587529976019184 0.6984653465346535 0.02081534772182254 0.05356435643564356
5 0.3814868105515588 0.6574752475247525 0.024364508393285373 0.055742574257425744
4 0.49937649880095925 0.6321287128712871 0.020335731414868108 0.03222772277227723