0 0.5553027139874739 0.9178419452887538 0.02498956158663883 0.02303951367781155
5 0.8704175365344468 0.6288753799392097 0.021711899791231733 0.02580547112462006
5 0.5836534446764091 0.7763525835866261 0.02265135699373695 0.03355623100303951
5 0.43135699373695197 0.85629179331307 0.023319415448851775 0.03203647416413374
5 0.28252609603340295 0.8801215805471124 0.025114822546972858 0.03562310030395137
5 0.44496868475991647 0.6848328267477204 0.021711899791231733 0.034984802431610944
5 0.48467640918580374 0.71790273556231 0.01908141962421712 0.03404255319148936
5 0.5237787056367432 0.7527051671732522 0.02242171189979123 0.03659574468085106
5 0.47903966597077247 0.6731306990881459 0.020751565762004175 0.03045592705167173
5 0.4896242171189979 0.6951975683890578 0.02035490605427975 0.03054711246200608
5 0.5135490605427975 0.643951367781155 0.022108559498956157 0.032887537993920975
5 0.5021920668058455 0.6566565349544072 0.02242171189979123 0.0331306990881459
5 0.5218162839248434 0.6852887537993921 0.019937369519832986 0.03173252279635258
5 0.5373695198329853 0.6968996960486322 0.020814196242171193 0.03182370820668693
5 0.5400208768267224 0.721580547112462 0.02033402922755741 0.026717325227963523
1 0.5017118997912318 0.4012462006079027 0.018601252609603342 0.03167173252279635
7 0.40329853862212944 0.16951367781155016 0.021899791231732777 0.02939209726443769
2 0.504384133611691 0.17057750759878418 0.01962421711899791 0.02729483282674772
6 0.8516283924843424 0.6412158054711247 0.02732776617954071 0.033708206686930094
4 0.4992275574112735 0.6254407294832827 0.025156576200417537 0.021033434650455925