5 0.14519362186788157 0.577667731629393 0.030227790432801823 0.04083067092651757
5 0.12216400911161732 0.6665175718849841 0.022391799544419135 0.037156549520766774
5 0.2915489749430524 0.6713418530351437 0.02318906605922551 0.034408945686900956
5 0.3187015945330296 0.8314696485623003 0.02603644646924829 0.03929712460063898
0 0.353120728929385 0.726741214057508 0.025785876993166288 0.03805111821086262
1 0.5602733485193622 0.4841214057507987 0.02125284738041002 0.0310223642172524
2 0.5123462414578588 0.20808306709265173 0.022414578587699317 0.031309904153354634
7 0.3696127562642369 0.19182108626198083 0.020546697038724374 0.031757188498402554
4 0.6151708428246013 0.06156549520766773 0.020842824601366744 0.02894568690095847
3 0.6502733485193622 0.11527156549520766 0.0175626423690205 0.029137380191693287
6 0.6441457858769931 0.13920127795527157 0.019999999999999997 0.031661341853035145