6 0.28796482412060304 0.7010659898477158 0.0207286432160804 0.04918781725888324
5 0.2436934673366834 0.890507614213198 0.025527638190954775 0.04619289340101523
5 0.35261306532663317 0.8772588832487309 0.025653266331658292 0.048629441624365485
5 0.3497989949748744 0.8000507614213198 0.025979899497487437 0.03923857868020305
5 0.3566331658291457 0.7262944162436549 0.022914572864321605 0.0416751269035533
5 0.3887437185929648 0.6716243654822335 0.022512562814070353 0.04101522842639594
5 0.3878894472361809 0.794517766497462 0.02557788944723618 0.047563451776649744
5 0.42849246231155774 0.670253807106599 0.025427135678391957 0.0383248730964467
5 0.4684422110552764 0.690507614213198 0.023969849246231155 0.03538071065989848
5 0.5222613065326633 0.7225380710659899 0.02394472361809045 0.04380710659898478
5 0.4640201005025126 0.7995431472081218 0.02349246231155779 0.04553299492385787
5 0.4927638190954774 0.8377157360406091 0.027160804020100505 0.04446700507614213
5 0.5395979899497487 0.9223350253807105 0.023894472361809044 0.04700507614213198
0 0.506859296482412 0.9134010152284264 0.024221105527638193 0.04604060913705584
1 0.49505025125628144 0.4246700507614213 0.018567839195979898 0.035431472081218274
4 0.38120603015075377 0.5201522842639594 0.02298994974874372 0.03781725888324873
7 0.38492462311557785 0.18172588832487307 0.020854271356783922 0.03538071065989848
2 0.4935678391959799 0.18695431472081217 0.021557788944723617 0.04101522842639594
3 0.5029396984924622 0.06208121827411168 0.018768844221105526 0.03299492385786802