6 0.47149643705463185 0.05322274881516588 0.019667458432304035 0.04151658767772512
7 0.3865083135391924 0.18308056872037917 0.017790973871733968 0.04364928909952607
3 0.6112826603325416 0.18364928909952608 0.02152019002375297 0.03985781990521327
1 0.5033016627078385 0.4184834123222749 0.022351543942992873 0.04535545023696683
4 0.49845605700712586 0.6315165876777251 0.021211401425178147 0.024265402843601895
5 0.5942992874109263 0.6723696682464455 0.02166270783847981 0.04516587677725118
5 0.6315914489311163 0.7292890995260664 0.025581947743467934 0.04473933649289099
5 0.5260332541567696 0.6787203791469195 0.02154394299287411 0.04327014218009479
5 0.49876484560570067 0.662654028436019 0.020593824228028502 0.04028436018957346
5 0.4833729216152019 0.6803791469194312 0.02026128266033254 0.03450236966824645
5 0.4779334916864608 0.6935071090047394 0.020332541567695962 0.021800947867298578
5 0.4668171021377672 0.717914691943128 0.02494061757719715 0.05123222748815166
5 0.48983372921615204 0.7170616113744076 0.022232779097387172 0.042180094786729856
5 0.502209026128266 0.6895734597156398 0.01776722090261283 0.018815165876777253
5 0.5132541567695962 0.7158293838862558 0.022755344418052256 0.044597156398104264
5 0.5440380047505938 0.7157819905213271 0.02344418052256532 0.04203791469194312
5 0.5308788598574822 0.7312322274881516 0.022684085510688838 0.0462085308056872
5 0.5052256532066508 0.765260663507109 0.022565320665083134 0.051090047393364924
5 0.4401900237529691 0.8323696682464454 0.024061757719714968 0.04914691943127962
0 0.5014726840855107 0.8318009478672985 0.026009501187648453 0.052938388625592414