7 0.41551068883610454 0.19274881516587677 0.02339667458432304 0.04597156398104265
2 0.4859857482185273 0.15810426540284359 0.02182897862232779 0.04232227488151659
1 0.496270783847981 0.1857345971563981 0.0228978622327791 0.04649289099526067
3 0.6055344418052256 0.1857345971563981 0.022209026128266033 0.04649289099526067
6 0.38826603325415676 0.7472985781990522 0.023729216152019002 0.049194312796208534
4 0.4928028503562945 0.6507109004739337 0.025748218527315913 0.048009478672985786
5 0.4728503562945368 0.705781990521327 0.022375296912114016 0.05123222748815166
5 0.49026128266033253 0.7229383886255923 0.026769596199524938 0.04663507109004739
5 0.49693586698337294 0.7012796208530806 0.024251781472684086 0.049478672985781985
5 0.5100712589073635 0.6866824644549763 0.023705463182897863 0.05431279620853081
5 0.6088598574821852 0.7871090047393365 0.026389548693586697 0.055924170616113746
5 0.49334916864608075 0.7989573459715641 0.021947743467933493 0.043080568720379145
0 0.4987885985748219 0.836350710900474 0.021876484560570075 0.05469194312796208