7 0.3857007125890736 0.1798578199052133 0.023467933491686462 0.04203791469194312
6 0.28092636579572444 0.18241706161137441 0.024631828978622327 0.04232227488151659
3 0.6119002375296912 0.1843127962085308 0.020308788598574823 0.041232227488151654
1 0.5036342042755344 0.41985781990521326 0.023040380047505936 0.04805687203791469
0 0.4999762470308789 0.8332227488151659 0.0303562945368171 0.05819905213270142
4 0.4985510688836104 0.6335545023696683 0.025059382422802853 0.02829383886255924
5 0.5934204275534443 0.6697156398104266 0.024774346793349167 0.04232227488151659
5 0.632042755344418 0.7300947867298578 0.0301187648456057 0.05123222748815166
5 0.49876484560570067 0.6625592417061612 0.020593824228028502 0.03772511848341232
5 0.5257957244655582 0.6800473933649289 0.024726840855106888 0.04597156398104265
5 0.5437054631828979 0.7185308056872038 0.022755344418052256 0.05
5 0.531187648456057 0.7331279620853081 0.022090261282660333 0.04516587677725118
5 0.5029691211401425 0.6904739336492891 0.021686460807600953 0.027867298578199053
5 0.4828028503562945 0.6791943127962086 0.022779097387173396 0.03691943127962085
5 0.47641330166270784 0.693696682464455 0.0233729216152019 0.029478672985781988
5 0.4659144893111639 0.7158293838862558 0.026769596199524938 0.044597156398104264
5 0.48942992874109265 0.7170616113744076 0.018978622327790975 0.042180094786729856
5 0.5116864608076009 0.7178672985781991 0.024513064133016627 0.048672985781990516
5 0.5039429928741093 0.7619905213270142 0.022422802850356294 0.049478672985781985
5 0.43961995249406177 0.8282938388625593 0.02655581947743468 0.04109004739336493