7 0.4153919239904988 0.19398104265402843 0.0195249406175772 0.043507109004739336
2 0.4865083135391924 0.15473933649289098 0.01802850356294537 0.035545023696682464
1 0.49548693586698334 0.18450236966824646 0.017695961995249407 0.048909952606635075
3 0.6065320665083135 0.18706161137440758 0.02294536817102138 0.049194312796208534
4 0.49406175771971494 0.6523696682464455 0.024584323040380048 0.03924170616113744
6 0.6805463182897862 0.6098578199052133 0.022399049881235155 0.05137440758293839
0 0.497624703087886 0.8329383886255924 0.025605700712589073 0.047962085308056866
5 0.49669833729216156 0.7928436018957346 0.027434679334916865 0.0309478672985782
5 0.6101425178147268 0.7869668246445498 0.02653206650831354 0.05080568720379147
5 0.5093586698337292 0.6814218009478673 0.021068883610451304 0.048672985781990516
5 0.49565320665083135 0.7010426540284359 0.024109263657957247 0.04175355450236967
5 0.48992874109263657 0.7222748815165877 0.02608076009501188 0.04526066350710901
5 0.4716389548693587 0.7043601895734597 0.024798099762470306 0.04597156398104265