6 0.2875771971496437 0.17459715639810428 0.022137767220902615 0.03635071090047393
7 0.38665083135391926 0.18175355450236969 0.02292161520190024 0.0409478672985782
3 0.6098812351543943 0.1856872037914692 0.016247030878859856 0.04393364928909953
1 0.5032304038004751 0.42033175355450236 0.01978622327790974 0.04170616113744076
4 0.49724465558194775 0.6284360189573459 0.023657957244655584 0.027772511848341234
0 0.499501187648456 0.8324644549763034 0.024536817102137766 0.05431279620853081
5 0.43895486935866984 0.8323696682464454 0.02522565320665083 0.04914691943127962
5 0.6314964370546319 0.727914691943128 0.02173396674584323 0.04203791469194312
5 0.5940142517814727 0.6698104265402844 0.022280285035629455 0.04488151658767773
5 0.5257719714964371 0.682085308056872 0.02344418052256532 0.05
5 0.5439667458432303 0.7184834123222749 0.020855106888361043 0.04744075829383886
5 0.5317577197149643 0.7298104265402844 0.019572446555819478 0.0409478672985782
5 0.5128978622327791 0.7183886255924171 0.022090261282660333 0.04488151658767773
5 0.5046080760095012 0.7593838862559241 0.02377672209026128 0.04663507109004739
5 0.4885748218527316 0.7145497630331754 0.0233729216152019 0.04445497630331754
5 0.46456057007125895 0.7139336492890994 0.024061757719714968 0.0456872037914692
5 0.4769358669833729 0.6918009478672986 0.019596199524940617 0.03056872037914692
5 0.5032304038004751 0.6930331753554502 0.01978622327790974 0.028151658767772515
5 0.48463182897862234 0.6798578199052132 0.019121140142517815 0.03829383886255924
5 0.4994536817102138 0.66478672985782 0.021947743467933493 0.049478672985781985