0 0.5549269311064718 0.92 0.02569937369519833 0.02106382978723404
5 0.8681419624217118 0.6313373860182371 0.02148225469728601 0.03486322188449848
5 0.5824425887265136 0.7735562310030395 0.020250521920668056 0.0321580547112462
5 0.525615866388309 0.7541641337386018 0.02035490605427975 0.029027355623100305
5 0.5404592901878914 0.7162613981762919 0.022672233820459287 0.034984802431610944
5 0.5392901878914405 0.6916413373860183 0.021774530271398747 0.021367781155015197
5 0.5204175365344468 0.6841945288753799 0.024342379958246348 0.031610942249240125
5 0.5126304801670146 0.6433130699088146 0.015949895615866388 0.029513677811550156
5 0.5005845511482254 0.6555015197568389 0.019227557411273487 0.030790273556231006
5 0.4457620041753654 0.6870516717325228 0.023319415448851775 0.03522796352583587
5 0.4798329853862213 0.6743465045592706 0.02235908141962422 0.034984802431610944
5 0.491544885177453 0.6941337386018237 0.021315240083507308 0.03264437689969605
5 0.4851565762004175 0.7184194528875381 0.02292275574112735 0.03297872340425532
5 0.43288100208768265 0.8569300911854103 0.02348643006263048 0.03541033434650456
5 0.28248434237995823 0.8773252279635257 0.023590814196242173 0.034224924012158056
1 0.5040292275574113 0.40285714285714286 0.02035490605427975 0.03072948328267477
6 0.530187891440501 0.39401215805471124 0.02083507306889353 0.02981762917933131
2 0.5032985386221295 0.1721884498480243 0.021795407098121083 0.026382978723404255
7 0.4013361169102297 0.1711550151975684 0.01941544885177453 0.028480243161094224