0 0.49755344418052255 0.8336966824644549 0.023040380047505936 0.051848341232227486
6 0.3956057007125891 0.09606635071090047 0.022589073634204274 0.042180094786729856
7 0.38752969121140146 0.18180094786729858 0.01980997624703088 0.043507109004739336
3 0.6119714964370546 0.1852132701421801 0.02287410926365796 0.050284360189573454
1 0.5026128266033254 0.4185308056872038 0.020997624703087886 0.04791469194312796
5 0.43855106888361045 0.8347867298578199 0.021971496437054632 0.044312796208530805
5 0.6305463182897861 0.7319905213270141 0.022256532066508312 0.05014218009478673
5 0.5947743467933492 0.6712796208530805 0.027482185273159144 0.05270142180094786
5 0.5238242280285036 0.6760663507109005 0.023230403800475058 0.040426540284360185
5 0.4968646080760095 0.6581990521327014 0.021686460807600953 0.04109004739336493
5 0.48463182897862234 0.6798104265402843 0.019121140142517815 0.035687203791469196
5 0.47729216152019 0.6931753554502369 0.02026128266033254 0.03327014218009478
5 0.46513064133016624 0.7151184834123222 0.02154394299287411 0.04071090047393365
5 0.488812351543943 0.7151658767772512 0.020190023752969122 0.04327014218009479
5 0.5041805225653206 0.693696682464455 0.019239904988123516 0.029478672985781988
5 0.5119239904988124 0.7166350710900474 0.021353919239904987 0.051090047393364924
5 0.532541567695962 0.7338862559241706 0.024798099762470306 0.0490521327014218
5 0.5448456057007126 0.7145497630331754 0.017743467933491686 0.04445497630331754
5 0.504251781472684 0.7625592417061612 0.02182897862232779 0.0456872037914692
4 0.49876484560570067 0.6322274881516587 0.020593824228028502 0.025592417061611375