1 0.4962589928057554 0.18574257425742577 0.02290167865707434 0.046485148514851485
3 0.6055395683453237 0.18574257425742577 0.022206235011990406 0.046485148514851485
5 0.3821342925659472 0.6553960396039603 0.024436450839328536 0.05163366336633663
6 0.4365707434052758 0.14915841584158415 0.019424460431654675 0.044059405940594064
7 0.39311750599520384 0.18113861386138616 0.022422062350119905 0.04608910891089109
1 0.5016306954436451 0.4208910891089109 0.02119904076738609 0.05044554455445544
5 0.641127098321343 0.6305940594059406 0.023237410071942445 0.04900990099009901
5 0.5280335731414868 0.7484158415841584 0.017673860911270982 0.04707920792079208
5 0.47537170263788964 0.7651980198019802 0.01908872901678657 0.041039603960396034
5 0.5012949640287769 0.7973762376237623 0.020551558752997603 0.02613861386138614
5 0.4246282973621103 0.6970792079207921 0.020695443645083935 0.05079207920792079
5 0.473621103117506 0.7192574257425742 0.023956834532374103 0.053118811881188124
5 0.5355875299760192 0.7153465346534653 0.02119904076738609 0.05272277227722773
5 0.521462829736211 0.6735643564356436 0.020143884892086333 0.023564356435643564
5 0.5049400479616307 0.6643564356435643 0.015875299760191846 0.04475247524752475
5 0.4830455635491607 0.6794059405940595 0.022422062350119905 0.04762376237623762
5 0.4999520383693045 0.7008415841584158 0.01788968824940048 0.04599009900990099
5 0.5119424460431654 0.7126237623762376 0.01788968824940048 0.04722772277227722
4 0.5007194244604317 0.6261386138613861 0.022997601918465227 0.02772277227722772