7 0.41551068883610454 0.19274881516587677 0.02339667458432304 0.04597156398104265
2 0.4859857482185273 0.15810426540284359 0.02182897862232779 0.04232227488151659
1 0.496270783847981 0.1857345971563981 0.0228978622327791 0.04649289099526067
3 0.6055344418052256 0.1857345971563981 0.022209026128266033 0.04649289099526067
5 0.4728503562945368 0.705781990521327 0.022375296912114016 0.05123222748815166
6 0.3884085510688836 0.7576777251184834 0.028883610451306413 0.055402843601895735
5 0.4898099762470309 0.726777251184834 0.020950118764845607 0.04701421800947867
5 0.4969121140142517 0.6992890995260664 0.022969121140142518 0.048009478672985786
5 0.511353919239905 0.687345971563981 0.0238479809976247 0.05568720379146919
5 0.60916864608076 0.7865876777251185 0.025795724465558192 0.05971563981042654
5 0.493396674584323 0.7954976303317536 0.023230403800475058 0.03379146919431279
4 0.49406175771971494 0.6531279620853081 0.024584323040380048 0.04312796208530806
0 0.4971733966745843 0.8361137440758293 0.021068883610451304 0.04701421800947867