3 0.6117577197149644 0.18322274881516587 0.018788598574821853 0.04170616113744076
7 0.3859144893111639 0.18004739336492892 0.022375296912114016 0.044407582938388625
6 0.24330166270783848 0.20682464454976304 0.024608076009501188 0.03786729857819905
1 0.5040380047505938 0.41630331753554506 0.023752969121140142 0.04213270142180095
4 0.4976484560570071 0.6327962085308058 0.025653206650831355 0.02881516587677725
0 0.49928741092636575 0.8304265402843601 0.022399049881235155 0.04957345971563981
5 0.43878859857482183 0.8320379146919431 0.025463182897862233 0.04630331753554502
5 0.4980285035629453 0.6630805687203791 0.02311163895486936 0.040568720379146925
5 0.4833729216152019 0.6774407582938389 0.02156769596199525 0.03350710900473934
5 0.4760807600950119 0.6893364928909952 0.02166270783847981 0.02791469194312796
5 0.5263182897862233 0.6794312796208531 0.020950118764845607 0.04402843601895734
5 0.5035154394299287 0.6936492890995262 0.019406175771971495 0.03009478672985782
5 0.4675534441805226 0.7130331753554502 0.024204275534441804 0.04924170616113745
5 0.48904988123515436 0.7137440758293838 0.024750593824228027 0.04417061611374408
5 0.5126128266033254 0.7148341232227489 0.02294536817102138 0.0528436018957346
5 0.5448693586698337 0.7137440758293838 0.02377672209026128 0.04417061611374408
5 0.5337529691211401 0.7318009478672985 0.0260332541567696 0.047772511848341234
5 0.5044655581947743 0.758957345971564 0.02294536817102138 0.03691943127962085
5 0.5947030878859858 0.6681516587677725 0.023871733966745846 0.03767772511848341
5 0.6317102137767221 0.7275829383886256 0.02605700712589074 0.0490521327014218