6 0.3176959619952494 0.1515165876777251 0.021448931116389548 0.033933649289099525
7 0.386270783847981 0.1823696682464455 0.020950118764845607 0.039763033175355456
3 0.6109501187648455 0.18298578199052132 0.020855106888361043 0.038530805687203795
1 0.5022802850356295 0.41962085308056873 0.020332541567695962 0.04037914691943128
4 0.49980997624703083 0.6348341232227488 0.023919239904988124 0.02843601895734597
0 0.49985748218527315 0.8316587677725118 0.02520190023752969 0.04781990521327014
5 0.4395249406175772 0.8324644549763034 0.022707838479809977 0.05431279620853081
5 0.49845605700712586 0.6625118483412322 0.021211401425178147 0.035165876777251186
5 0.5034916864608076 0.6903317535545024 0.01788598574821853 0.022748815165876776
5 0.5263420427553445 0.6769668246445498 0.020926365795724468 0.049478672985781985
5 0.5449406175771971 0.7198104265402844 0.021615201900237527 0.05014218009478673
5 0.5334204275534442 0.730473933649289 0.021686460807600953 0.04232227488151659
5 0.5126603325415677 0.7199052132701422 0.02527315914489311 0.05270142180094786
5 0.48921615201900237 0.7139336492890994 0.02344418052256532 0.0456872037914692
5 0.48375296912114013 0.6809952606635071 0.022232779097387172 0.03327014218009478
5 0.4779572446555819 0.6904739336492891 0.021615201900237527 0.027867298578199053
5 0.4668171021377672 0.7132701421800948 0.02494061757719715 0.04436018957345971
5 0.5058669833729216 0.7627014218009479 0.022636579572446556 0.05080568720379147
5 0.5942992874109263 0.6671563981042654 0.02166270783847981 0.04203791469194312
5 0.631852731591449 0.7275829383886256 0.023681710213776724 0.04270142180094787