6 0.21990498812351544 0.22037914691943128 0.024608076009501188 0.03805687203791469
7 0.38572446555819473 0.17725118483412322 0.025795724465558192 0.046540284360189574
3 0.6107125890736342 0.1825118483412322 0.02342042755344418 0.04061611374407583
1 0.5008788598574822 0.41895734597156403 0.022707838479809977 0.04369668246445498
4 0.4978859857482186 0.6319431279620853 0.023919239904988124 0.024454976303317538
0 0.49961995249406177 0.8291469194312796 0.026104513064133018 0.047772511848341234
5 0.4395961995249406 0.830473933649289 0.025819477434679335 0.04791469194312796
5 0.5943230403800476 0.667867298578199 0.02066508313539192 0.04289099526066351
5 0.6319714964370546 0.7296208530805687 0.02465558194774347 0.05203791469194313
5 0.5253444180522565 0.6766350710900474 0.022779097387173396 0.04516587677725118
5 0.5444418052256532 0.7188151658767772 0.022779097387173396 0.04824644549763033
5 0.5313064133016627 0.727914691943128 0.020736342042755346 0.038530805687203795
5 0.4991923990498812 0.663127962085308 0.022707838479809977 0.04109004739336493
5 0.48408551068883615 0.6790995260663507 0.02178147268408551 0.037393364928909954
5 0.502541567695962 0.6921327014218009 0.02306413301662708 0.025402843601895736
5 0.47672209026128265 0.6919905213270142 0.022351543942992873 0.020047393364928914
5 0.4649643705463183 0.71218009478673 0.02178147268408551 0.05023696682464455
5 0.4888836104513064 0.717345971563981 0.02631828978622328 0.04274881516587677
5 0.513230403800475 0.7166350710900474 0.02152019002375297 0.04132701421800948
5 0.5032304038004751 0.7643601895734597 0.0231353919239905 0.05033175355450237