7 0.3839949748743719 0.18142131979695433 0.021381909547738692 0.04934010152284264
2 0.49351758793969847 0.1863959390862944 0.020301507537688442 0.044771573604060914
3 0.5055276381909547 0.06365482233502538 0.021557788944723617 0.045888324873096444
1 0.49386934673366834 0.4256345177664974 0.020954773869346733 0.04700507614213198
4 0.38175879396984924 0.5230456852791878 0.020527638190954774 0.050862944162436544
6 0.30562814070351757 0.6808121827411168 0.022587939698492463 0.052182741116751266
0 0.5053015075376884 0.9134010152284264 0.02469849246231156 0.04604060913705584
5 0.5412562814070352 0.9211675126903554 0.02721105527638191 0.04944162436548223
5 0.5232412060301508 0.7232994923857868 0.024673366834170856 0.047715736040609136
5 0.4700251256281407 0.6941624365482234 0.024748743718592963 0.05228426395939087
5 0.4267587939698492 0.6716751269035532 0.01957286432160804 0.04355329949238579
5 0.3893467336683417 0.6729949238578681 0.021331658291457285 0.04624365482233502
5 0.3562814070351759 0.7282741116751269 0.02100502512562814 0.04314720812182741
5 0.35173366834170855 0.8020304568527918 0.02743718592964824 0.043248730964467005
5 0.3881407035175879 0.7982741116751269 0.02371859296482412 0.04543147208121827
5 0.3522613065326633 0.8779187817258882 0.02371859296482412 0.0499492385786802
5 0.24402010050251258 0.8919289340101523 0.02620603015075377 0.05142131979695432