6 0.48375296912114013 0.06630331753554503 0.022232779097387172 0.045023696682464455
7 0.38693586698337296 0.18123222748815168 0.022304038004750594 0.04473933649289099
3 0.6115914489311164 0.1843127962085308 0.020926365795724468 0.041232227488151654
1 0.5029691211401425 0.420521327014218 0.021686460807600953 0.04938388625592417
4 0.4985273159144893 0.6375829383886256 0.02377672209026128 0.03639810426540284
5 0.5936579572446556 0.6717535545023697 0.021591448931116388 0.04635071090047393
5 0.6319239904988124 0.7320379146919431 0.026270783847981 0.05270142180094786
5 0.49814726840855106 0.6650710900473934 0.02182897862232779 0.035450236966824644
5 0.5266745843230404 0.6799999999999999 0.021615201900237527 0.04341232227488152
5 0.4857007125890736 0.6804739336492892 0.023705463182897863 0.03706161137440758
5 0.4793349168646081 0.6982938388625592 0.025605700712589073 0.03379146919431279
5 0.4661520190023753 0.7159241706161138 0.02358669833729216 0.0471563981042654
5 0.4885748218527316 0.7178199052132702 0.0233729216152019 0.04611374407582938
5 0.5109501187648456 0.7177251184834124 0.020593824228028502 0.043507109004739336
5 0.5341092636579573 0.7377251184834123 0.024323040380047508 0.049478672985781985
5 0.5058432304038005 0.7665402843601896 0.021353919239904987 0.05123222748815166
5 0.43935866983372923 0.8349763033175356 0.02845605700712589 0.05199052132701422
5 0.5443705463182898 0.7134597156398104 0.024109263657957247 0.05203791469194313
5 0.5026128266033254 0.6923696682464455 0.020997624703087886 0.026777251184834126
0 0.49923990498812354 0.8343601895734598 0.026413301662707837 0.05322274881516588