7 0.38755344418052257 0.17838862559241705 0.021092636579572447 0.034218009478672984
6 0.2520665083135392 0.2034123222748815 0.024156769596199525 0.0381042654028436
3 0.6116389548693587 0.18175355450236969 0.022209026128266033 0.0409478672985782
1 0.5019477434679335 0.41895734597156403 0.019643705463182896 0.03900473933649289
4 0.49722090261282664 0.631611374407583 0.022351543942992873 0.026824644549763035
0 0.4991448931116389 0.8303317535545023 0.022565320665083134 0.045118483412322274
5 0.4402375296912114 0.8309952606635072 0.025344418052256533 0.04649289099526067
5 0.49781472684085515 0.6612322274881517 0.02114014251781473 0.03502369668246445
5 0.524750593824228 0.6795260663507109 0.02140142517814727 0.04976303317535545
5 0.5950118764845606 0.6671563981042654 0.024299287410926365 0.04203791469194312
5 0.631852731591449 0.73 0.023681710213776724 0.048672985781990516
5 0.544228028503563 0.7145023696682464 0.018978622327790975 0.0418957345971564
5 0.5334204275534442 0.7284834123222749 0.021686460807600953 0.03824644549763033
5 0.5019002375296913 0.6898578199052133 0.01836104513064133 0.02909952606635071
5 0.4836342042755345 0.678388625592417 0.01836104513064133 0.03042654028436019
5 0.4767458432304038 0.6915639810426539 0.024061757719714968 0.02033175355450237
5 0.4661520190023753 0.7138388625592418 0.02358669833729216 0.040568720379146925
5 0.4895961995249406 0.7152132701421801 0.02541567695961995 0.045829383886255924
5 0.5125653206650831 0.7170616113744076 0.02140142517814727 0.042180094786729856
5 0.5036817102137767 0.763175355450237 0.024323040380047508 0.04445497630331754