7 0.4151543942992874 0.1933175355450237 0.022707838479809977 0.042180094786729856
2 0.4856769596199525 0.15744075829383886 0.022422802850356294 0.0409478672985782
1 0.4967933491686461 0.18943127962085307 0.019121140142517815 0.04175355450236967
3 0.6048218527315914 0.18687203791469195 0.019572446555819478 0.04151658767772512
4 0.4942992874109263 0.6536018957345971 0.02142517814726841 0.036777251184834124
5 0.47068883610451306 0.706303317535545 0.025344418052256533 0.04744075829383886
5 0.4905700712589074 0.7231279620853082 0.026152019002375296 0.05431279620853081
5 0.6104038004750594 0.7883412322274882 0.024631828978622327 0.05350710900473933
5 0.4956769596199525 0.7967772511848341 0.02541567695961995 0.033933649289099525
5 0.4971733966745843 0.6974881516587678 0.021068883610451304 0.05161137440758294
5 0.5128503562945368 0.6857819905213269 0.0195249406175772 0.04530805687203792
0 0.4978859857482186 0.8328909952606636 0.023705463182897863 0.04540284360189573