0 0.35236902050113894 0.7256549520766773 0.02724373576309795 0.037923322683706066
5 0.32018223234624144 0.832108626198083 0.023097949886104786 0.042619808306709264
5 0.29159453302961275 0.6692651757188498 0.024738041002277902 0.03853035143769968
5 0.1226879271070615 0.667444089456869 0.02785876993166287 0.030734824281150156
5 0.14542141230068337 0.5785303514376997 0.024851936218678816 0.03223642172523962
1 0.5609567198177676 0.4853354632587859 0.018223234624145785 0.03546325878594249
2 0.5119817767653758 0.2065495207667732 0.023143507972665147 0.034408945686900956
7 0.3699772209567198 0.19079872204472842 0.01981776765375854 0.03383386581469649
6 0.6450569476082004 0.13996805111821087 0.024738041002277902 0.03932907348242812
3 0.6496583143507972 0.11303514376996807 0.023690205011389524 0.026741214057507984
4 0.6155808656036447 0.06322683706070287 0.02164009111617312 0.030191693290734824