7 0.4024843423799582 0.16996960486322188 0.020292275574112735 0.02613981762917933
2 0.5035908141962422 0.17003039513677812 0.01803757828810021 0.028358662613981764
6 0.5154279749478079 0.3813373860182371 0.021544885177453028 0.029574468085106383
1 0.5032359081419624 0.40170212765957447 0.018747390396659708 0.028419452887537992
4 0.49918580375782884 0.623920972644377 0.02363256784968685 0.026382978723404255
0 0.5541336116910229 0.9212158054711246 0.024091858037578285 0.025623100303951367
5 0.868893528183716 0.6312765957446809 0.021565762004175367 0.03267477203647416
5 0.5836951983298538 0.7775075987841945 0.024175365344467643 0.035896656534954406
5 0.525302713987474 0.7537689969604864 0.022588726513569937 0.03449848024316109
5 0.2836743215031315 0.8789969604863221 0.02599164926931106 0.035501519756838906
5 0.4329227557411274 0.8579939209726443 0.02501043841336117 0.033313069908814594
5 0.44379958246346557 0.687112462006079 0.02083507306889353 0.03741641337386018
5 0.5097077244258873 0.6465349544072948 0.020187891440501045 0.03243161094224924
5 0.5002713987473904 0.6562006079027355 0.021461377870563673 0.036382978723404256
5 0.5219415448851774 0.6859270516717325 0.024509394572025053 0.035106382978723406
5 0.5384968684759917 0.696838905775076 0.020187891440501045 0.029635258358662615
5 0.540062630480167 0.7207598784194529 0.0218580375782881 0.03765957446808511
5 0.47943632567849687 0.6726747720364742 0.021544885177453028 0.033708206686930094
5 0.4892693110647182 0.6941033434650457 0.02106471816283925 0.030425531914893618
5 0.48367432150313155 0.7201215805471124 0.024279749478079333 0.03428571428571428