6 0.4395011876484561 0.06417061611374407 0.02142517814726841 0.04393364928909953
7 0.38660332541567693 0.18241706161137441 0.021638954869358667 0.04232227488151659
3 0.6112351543942992 0.18303317535545022 0.018954869358669836 0.04109004739336493
1 0.5023515439429929 0.4243601895734597 0.0228978622327791 0.04981042654028436
5 0.43995249406175774 0.8338388625592417 0.027244655581947747 0.05701421800947867
0 0.4982660332541568 0.833175355450237 0.025676959619952495 0.05563981042654029
5 0.631852731591449 0.7308056872037915 0.023681710213776724 0.055118483412322276
5 0.5940380047505939 0.6746445497630331 0.02356294536817102 0.059478672985781994
5 0.5254156769596199 0.6813270142180095 0.022755344418052256 0.04611374407582938
5 0.5443705463182898 0.7167772511848342 0.024109263657957247 0.056208530805687204
5 0.5334679334916864 0.7379146919431279 0.024251781472684086 0.057156398104265406
5 0.5026128266033254 0.7633649289099526 0.020997624703087886 0.05218009478672986
5 0.5122565320665083 0.7172511848341232 0.02201900237529691 0.04985781990521327
5 0.49750593824228023 0.6632701421800947 0.02175771971496437 0.03909952606635071
5 0.46422802850356293 0.7185308056872038 0.0233729216152019 0.05
5 0.47729216152019 0.6952606635071089 0.02026128266033254 0.03990521327014218
5 0.48824228028503563 0.7151658767772512 0.022707838479809977 0.04327014218009479
5 0.4842517814726841 0.6804739336492892 0.017149643705463184 0.03706161137440758
5 0.5038479809976247 0.6945023696682464 0.018574821852731592 0.035971563981042655
4 0.4991686460807601 0.636303317535545 0.0238479809976247 0.03625592417061611