7 0.4154631828978622 0.19526066350710902 0.022114014251781475 0.04364928909952607
2 0.4865558194774347 0.15739336492890996 0.019311163895486937 0.03838862559241706
1 0.49548693586698334 0.18829383886255924 0.017695961995249407 0.04677725118483412
3 0.6054631828978623 0.18350710900473932 0.019643705463182896 0.034739336492890995
4 0.49453681710213776 0.6523222748815165 0.01824228028503563 0.0366350710900474
6 0.3893111638954869 0.73 0.027054631828978624 0.048672985781990516
5 0.4734916864608076 0.7050236966824645 0.022422802850356294 0.04729857819905214
5 0.49463182897862235 0.799478672985782 0.022090261282660333 0.039336492890995264
5 0.6091211401425178 0.7915639810426541 0.024513064133016627 0.055118483412322276
5 0.49045130641330165 0.7240758293838863 0.020997624703087886 0.041658767772511845
5 0.49845605700712586 0.7003791469194313 0.021211401425178147 0.040426540284360185
5 0.5129453681710213 0.6825592417061612 0.0233729216152019 0.04364928909952607
0 0.49750593824228023 0.8330331753554503 0.02175771971496437 0.050521327014218013