7 0.4034446764091858 0.17191489361702128 0.023173277661795406 0.031610942249240125
2 0.5028601252609604 0.17276595744680853 0.019478079331941546 0.027537993920972646
1 0.5039874739039666 0.40291793313069907 0.01883089770354906 0.032948328267477206
4 0.4996242171189979 0.6273252279635257 0.025949895615866386 0.028936170212765955
6 0.8451774530271399 0.6324316109422492 0.027411273486430063 0.034984802431610944
0 0.5544885177453027 0.9194528875379939 0.023382045929018786 0.022127659574468085
5 0.8692484342379958 0.6323100303951368 0.02083507306889353 0.030577507598784196
5 0.5824425887265136 0.7757142857142857 0.020250521920668056 0.030182370820668693
5 0.5123382045929019 0.645531914893617 0.019707724425887266 0.029756838905775074
5 0.500187891440501 0.6578723404255319 0.018434237995824634 0.03765957446808511
5 0.44505219206680585 0.6858662613981763 0.02475991649269311 0.032887537993920975
5 0.2833194154488518 0.8795744680851064 0.02670146137787056 0.03668693009118541
5 0.43225469728601257 0.8558358662613982 0.027954070981210857 0.03528875379939209
5 0.480187891440501 0.6753495440729483 0.02162839248434238 0.03066869300911854
5 0.4896659707724426 0.6958358662613982 0.021878914405010438 0.0339209726443769
5 0.4839874739039666 0.7201823708206687 0.022025052192066807 0.0364741641337386
5 0.5238204592901878 0.754224924012158 0.023945720250521923 0.031246200607902733
5 0.5199791231732777 0.6831003039513678 0.022025052192066807 0.031489361702127655
5 0.5378288100208768 0.6962006079027356 0.02315240083507307 0.02623100303951368
5 0.5400208768267224 0.7212158054711246 0.02033402922755741 0.03437689969604863