0 0.49755344418052255 0.831090047393365 0.023040380047505936 0.0490521327014218
6 0.6806175771971497 0.6085781990521327 0.02496437054631829 0.05123222748815166
5 0.61 0.7849763033175355 0.02140142517814727 0.04672985781990521
5 0.4942992874109263 0.794739336492891 0.02142517814726841 0.02985781990521327
5 0.5103087885985749 0.6812796208530806 0.020522565320665084 0.04355450236966824
5 0.49722090261282664 0.6995734597156399 0.022351543942992873 0.033933649289099525
5 0.49270783847981 0.7236018957345972 0.021876484560570075 0.047962085308056866
5 0.47251781472684085 0.7036966824644549 0.021686460807600953 0.044597156398104264
4 0.4950118764845606 0.6543601895734596 0.024061757719714968 0.04071090047393365
3 0.6050593824228028 0.18364928909952608 0.0163895486935867 0.03985781990521327
1 0.493895486935867 0.1823696682464455 0.01817102137767221 0.039763033175355456
2 0.4856057007125891 0.15407582938388625 0.019857482185273157 0.034218009478672984
7 0.4154631828978622 0.19398104265402843 0.022114014251781475 0.043507109004739336