3 0.6038479809976247 0.18559241706161136 0.018812351543942993 0.041374407582938394
1 0.49551068883610455 0.18303317535545022 0.018978622327790975 0.04109004739336493
2 0.48558194774346797 0.15469194312796208 0.018574821852731592 0.03298578199052132
7 0.4151306413301663 0.19587677725118482 0.02142517814726841 0.0424170616113744
6 0.6805938242280284 0.607914691943128 0.023681710213776724 0.049905213270142176
4 0.4943942992874109 0.6556872037914692 0.02527315914489311 0.04341232227488152
5 0.5084085510688836 0.682701421800948 0.021615201900237527 0.048815165876777256
5 0.49845605700712586 0.7003791469194313 0.021211401425178147 0.040426540284360185
5 0.47258907363420427 0.7024170616113744 0.024251781472684086 0.04445497630331754
5 0.49180522565320667 0.724218009478673 0.023705463182897863 0.04677725118483412
5 0.49491686460807605 0.7987203791469194 0.020190023752969122 0.03540284360189573
5 0.6084798099762471 0.7861611374407582 0.024441805225653205 0.044312796208530805
0 0.49755344418052255 0.8295260663507109 0.023040380047505936 0.038625592417061615