6 0.43654676258992803 0.1502970297029703 0.01815347721822542 0.03896039603960396
7 0.39244604316546766 0.17975247524752477 0.021103117505995205 0.04336633663366336
2 0.4996163069544365 0.18029702970297032 0.01721822541966427 0.039504950495049505
3 0.6066666666666667 0.18118811881188118 0.02026378896882494 0.048712871287128715
1 0.50189448441247 0.42000000000000004 0.019352517985611512 0.04123762376237624
5 0.38105515587529976 0.6532673267326733 0.019904076738609115 0.0449009900990099
5 0.4246282973621103 0.6963366336633663 0.020695443645083935 0.04683168316831684
5 0.47517985611510793 0.766039603960396 0.023477218225419663 0.04762376237623762
5 0.5006235011990408 0.79990099009901 0.01920863309352518 0.02381188118811881
5 0.47321342925659476 0.720990099009901 0.020743405275779378 0.044207920792079206
5 0.5275299760191846 0.7543564356435644 0.02266187050359712 0.04900990099009901
5 0.48419664268585133 0.6785643564356435 0.018752997601918467 0.041039603960396034
5 0.49774580335731416 0.6975742574257425 0.01827338129496403 0.04435643564356436
5 0.5113429256594724 0.7139603960396039 0.01908872901678657 0.04995049504950495
5 0.5344604316546763 0.7197524752475247 0.022134292565947244 0.04668316831683168
5 0.5234052757793765 0.6957920792079209 0.02160671462829736 0.025891089108910893
5 0.5218705035971223 0.6743069306930694 0.023333333333333334 0.027574257425742574
5 0.503189448441247 0.6653960396039604 0.020743405275779378 0.03445544554455446
5 0.6413908872901678 0.6312871287128713 0.021390887290167866 0.05039603960396039
4 0.4995203836930456 0.6295544554455446 0.025395683453237408 0.03460396039603961