1 0.4962589928057554 0.18574257425742577 0.02290167865707434 0.046485148514851485
3 0.6055395683453237 0.18574257425742577 0.022206235011990406 0.046485148514851485
0 0.49755395683453235 0.8337128712871287 0.02304556354916067 0.051831683168316836
6 0.43630695443645084 0.1497029702970297 0.02129496402877698 0.04019801980198019
7 0.39249400479616303 0.18103960396039603 0.022374100719424462 0.04351485148514851
1 0.5016306954436451 0.41821782178217826 0.02119904076738609 0.047574257425742575
5 0.3805275779376499 0.6541584158415841 0.023621103117505995 0.05410891089108911
5 0.42498800959232613 0.6964356435643565 0.022613908872901677 0.05202970297029703
5 0.641462829736211 0.6326732673267327 0.02390887290167866 0.05316831683168317
5 0.5021582733812949 0.6616831683168317 0.01748201438848921 0.041881188118811884
5 0.48556354916067146 0.681930693069307 0.022685851318944846 0.045297029702970296
5 0.47290167865707433 0.7208415841584159 0.021342925659472423 0.03896039603960396
5 0.4754676258992806 0.7675247524752475 0.022877697841726618 0.055594059405940595
5 0.5012949640287769 0.7994554455445545 0.020551558752997603 0.030297029702970296
5 0.5284172661870503 0.751039603960396 0.020863309352517984 0.04732673267326733
5 0.5347242206235012 0.715990099009901 0.02026378896882494 0.05148514851485149
5 0.5217745803357314 0.6737623762376237 0.019544364508393287 0.031435643564356436
5 0.500263788968825 0.7022772277227723 0.017290167865707435 0.051336633663366334
5 0.5096882494004796 0.712079207920792 0.02107913669064748 0.05108910891089109
5 0.5232374100719425 0.6952970297029702 0.0152757793764988 0.03237623762376238