6 0.3567695961995249 0.12341232227488151 0.020427553444180523 0.03611374407582939
7 0.385938242280285 0.18109004739336493 0.02028503562945368 0.039620853080568716
3 0.6123040380047505 0.18355450236966822 0.02356294536817102 0.037298578199052135
1 0.5022565320665083 0.42033175355450236 0.019049881235154394 0.04170616113744076
4 0.49757719714964366 0.6297630331753554 0.024323040380047508 0.0304739336492891
0 0.4994774346793349 0.8298104265402844 0.023230403800475058 0.048909952606635075
5 0.4395011876484561 0.8296682464454976 0.02142517814726841 0.043791469194312795
5 0.631187648456057 0.7313744075829384 0.022327790973871733 0.05137440758293839
5 0.5940142517814727 0.6725118483412322 0.022280285035629455 0.050284360189573454
5 0.5260332541567696 0.6787203791469195 0.02154394299287411 0.04327014218009479
5 0.544916864608076 0.7156872037914691 0.020332541567695962 0.03947867298578199
5 0.5324228028503563 0.7323696682464454 0.020926365795724468 0.041232227488151654
5 0.5029691211401425 0.7607109004739336 0.021686460807600953 0.04933649289099526
5 0.4994536817102138 0.6625118483412322 0.021947743467933493 0.035165876777251186
5 0.5141330166270783 0.7177251184834124 0.019643705463182896 0.043507109004739336
5 0.5019002375296913 0.688957345971564 0.01836104513064133 0.020047393364928914
5 0.4848931116389548 0.6797156398104265 0.0172209026128266 0.033127962085308056
5 0.47893111638954866 0.6915639810426539 0.022375296912114016 0.02033175355450237
5 0.4661282660332542 0.7113744075829384 0.022304038004750594 0.04540284360189573
5 0.48847980997624707 0.7121327014218009 0.0195249406175772 0.04933649289099526