6 0.24071258907363421 0.21251184834123224 0.0197624703087886 0.04417061611374408
7 0.3870546318289786 0.18123222748815168 0.026175771971496436 0.04473933649289099
3 0.6119002375296912 0.1843127962085308 0.020308788598574823 0.041232227488151654
1 0.5023277909738717 0.41985781990521326 0.021615201900237527 0.04805687203791469
4 0.49957244655581945 0.6354502369668247 0.027102137767220903 0.027203791469194313
0 0.5005225653206651 0.8297156398104265 0.02655581947743468 0.04635071090047393
5 0.4388836104513064 0.8303791469194313 0.022636579572446556 0.047677725118483415
5 0.4994061757719715 0.6624644549763034 0.02066508313539192 0.032606635071090045
5 0.5273871733966746 0.6787677725118484 0.024251781472684086 0.045829383886255924
5 0.5456294536817102 0.7148341232227489 0.022969121140142518 0.054739336492891
5 0.5350118764845606 0.7306161137440759 0.021211401425178147 0.04744075829383886
5 0.5019477434679335 0.6911848341232227 0.019643705463182896 0.031800947867298576
5 0.48496437054631825 0.6798578199052132 0.01978622327790974 0.03829383886255924
5 0.4763657957244656 0.691611374407583 0.022090261282660333 0.02289099526066351
5 0.4661520190023753 0.7126066350710901 0.02358669833729216 0.042985781990521325
5 0.4895724465558195 0.7164454976303317 0.024133016627078386 0.04341232227488152
5 0.5126128266033254 0.7192890995260663 0.022707838479809977 0.05393364928909953
5 0.5049643705463183 0.7618957345971563 0.024465558194774348 0.044312796208530805
5 0.5953206650831354 0.6690047393364928 0.023705463182897863 0.03838862559241706
5 0.631187648456057 0.7286729857819905 0.022327790973871733 0.04597156398104265