7 0.40296450939457207 0.17224924012158055 0.024133611691022967 0.028571428571428574
2 0.5036743215031315 0.1721884498480243 0.02106471816283925 0.026382978723404255
6 0.48812108559498957 0.36030395136778115 0.020187891440501045 0.027386018237082067
1 0.5032985386221295 0.40519756838905774 0.021795407098121083 0.03541033434650456
5 0.8682672233820459 0.6328571428571429 0.026033402922755744 0.029513677811550156
5 0.5824843423799583 0.7785714285714285 0.021774530271398747 0.03379939209726444
5 0.4325260960334029 0.85629179331307 0.02419624217118998 0.03203647416413374
5 0.28252609603340295 0.878419452887538 0.025114822546972858 0.03434650455927052
5 0.5271816283924844 0.754224924012158 0.022025052192066807 0.031246200607902733
5 0.5415866388308977 0.7205775075987841 0.022025052192066807 0.031003039513677808
5 0.5365762004175365 0.6939209726443769 0.019227557411273487 0.02379939209726444
5 0.5199791231732777 0.6852279635258358 0.022025052192066807 0.029513677811550156
5 0.5138204592901879 0.643951367781155 0.01835073068893528 0.032887537993920975
5 0.5006263048016701 0.6560790273556231 0.020751565762004175 0.03194528875379939
5 0.44457202505219207 0.6869908814589666 0.02091858037578288 0.03300911854103343
5 0.47899791231732775 0.6721276595744681 0.019227557411273487 0.03474164133738602
5 0.49002087682672235 0.6953191489361702 0.021148225469728603 0.034984802431610944
5 0.4866805845511482 0.7208206686930091 0.02306889352818372 0.03984802431610942
4 0.49947807933194155 0.6277811550151975 0.01987473903966597 0.025683890577507598
0 0.5538204592901879 0.9227963525835867 0.02634655532359081 0.022462006079027354