6 0.3495724465558194 0.1333649289099526 0.02672209026128266 0.048672985781990516
7 0.38660332541567693 0.18322274881516587 0.021638954869358667 0.048767772511848335
3 0.6112826603325416 0.18170616113744079 0.02152019002375297 0.03838862559241706
1 0.5023277909738717 0.41909952606635076 0.021615201900237527 0.044123222748815166
4 0.4988598574821853 0.6328909952606635 0.024465558194774348 0.02691943127962085
5 0.5927790973871734 0.6704739336492891 0.02470308788598575 0.046255924170616115
5 0.63 0.732654028436019 0.02605700712589074 0.05146919431279621
0 0.4988598574821853 0.8295734597156398 0.024465558194774348 0.04118483412322275
5 0.4395249406175772 0.8330331753554503 0.022707838479809977 0.050521327014218013
5 0.46513064133016624 0.7138388625592418 0.02154394299287411 0.040568720379146925
5 0.5039429928741093 0.7625592417061612 0.022422802850356294 0.0456872037914692
5 0.5327790973871734 0.7285781990521326 0.021615201900237527 0.04341232227488152
5 0.544228028503563 0.7164928909952607 0.018978622327790975 0.04597156398104265
5 0.5267220902612827 0.6793838862559242 0.0228978622327791 0.044597156398104264
5 0.5122565320665083 0.7176777251184835 0.02201900237529691 0.0409478672985782
5 0.48695961995249404 0.7150236966824645 0.022565320665083134 0.0381042654028436
5 0.5039192399049881 0.6915639810426539 0.02114014251781473 0.02033175355450237
5 0.47771971496437055 0.6909478672985782 0.024798099762470306 0.02151658767772512
5 0.48432304038004753 0.6804739336492892 0.01971496437054632 0.03706161137440758
5 0.4989073634204275 0.663175355450237 0.025748218527315913 0.03654028436018957