7 0.41551068883610454 0.19274881516587677 0.02339667458432304 0.04597156398104265
2 0.4859857482185273 0.15810426540284359 0.02182897862232779 0.04232227488151659
1 0.496270783847981 0.1857345971563981 0.0228978622327791 0.04649289099526067
3 0.6055344418052256 0.1857345971563981 0.022209026128266033 0.04649289099526067
0 0.49755344418052255 0.8336966824644549 0.023040380047505936 0.051848341232227486
5 0.49437054631828975 0.7962559241706161 0.023990498812351543 0.03772511848341232
5 0.6104750593824227 0.7904265402843602 0.027220902612826604 0.06009478672985782
5 0.5112826603325415 0.6860189573459715 0.02128266033254157 0.05298578199052133
5 0.496270783847981 0.7022748815165877 0.0228978622327791 0.039336492890995264
5 0.47182897862232775 0.7062559241706161 0.020332541567695962 0.04488151658767773
5 0.49204275534441805 0.7273933649289099 0.020546318289786224 0.045829383886255924
6 0.3880047505938242 0.681090047393365 0.025629453681710213 0.06014218009478673