6 0.6808788598574821 0.6111374407582938 0.02306413301662708 0.051516587677725115
5 0.6107600950118764 0.7883886255924171 0.025320665083135394 0.05606635071090047
5 0.4956769596199525 0.7961611374407583 0.02541567695961995 0.03511848341232227
5 0.5109738717339668 0.6793838862559242 0.021876484560570075 0.044597156398104264
5 0.4978859857482186 0.698436018957346 0.023705463182897863 0.038957345971563986
5 0.49175771971496435 0.7208530805687203 0.022422802850356294 0.04
5 0.4731591448931116 0.7037440758293839 0.02175771971496437 0.0471563981042654
4 0.4939904988123515 0.653649289099526 0.02201900237529691 0.039336492890995264
0 0.49755344418052255 0.8324170616113743 0.023040380047505936 0.05175355450236967
3 0.60458432304038 0.18559241706161136 0.022755344418052256 0.041374407582938394
1 0.4948693586698337 0.18369668246445497 0.018907363420427554 0.04246445497630332
2 0.48527315914489316 0.1528436018957346 0.019192399049881237 0.0366350710900474
7 0.41638954869358674 0.19459715639810427 0.02028503562945368 0.04232227488151659