0 0.49923990498812354 0.8303791469194313 0.026413301662707837 0.047677725118483415
5 0.441520190023753 0.8337914691943128 0.025486935866983373 0.05445497630331754
5 0.5046080760095012 0.7611374407582938 0.02377672209026128 0.040426540284360185
5 0.5257007125890736 0.6787677725118484 0.020855106888361043 0.045829383886255924
5 0.4987885985748219 0.6619905213270143 0.021876484560570075 0.038957345971563986
5 0.48529691211401427 0.6792417061611374 0.020475059382422802 0.03947867298578199
5 0.47859857482185275 0.688436018957346 0.021686460807600953 0.023838862559241707
5 0.5022802850356295 0.6915639810426539 0.020332541567695962 0.02033175355450237
5 0.5446080760095012 0.7121327014218009 0.020926365795724468 0.04933649289099526
5 0.5312114014251781 0.7312796208530806 0.0233729216152019 0.048767772511848335
5 0.5109738717339668 0.7152132701421801 0.021876484560570075 0.045829383886255924
5 0.4888836104513064 0.7154502369668246 0.022779097387173396 0.05350710900473933
5 0.46458432304038005 0.7153080568720379 0.025344418052256533 0.048388625592417064
5 0.6321377672209026 0.7298104265402844 0.02180522565320665 0.0409478672985782
5 0.5946555819477435 0.6705687203791469 0.022351543942992873 0.048815165876777256
1 0.5025653206650832 0.4178199052132701 0.01843230403800475 0.04402843601895734
7 0.3879334916864608 0.18052132701421802 0.02306413301662708 0.04336492890995261
6 0.4635391923990499 0.046255924170616115 0.02201900237529691 0.04464454976303318
3 0.6112589073634204 0.18303317535545022 0.0202375296912114 0.04109004739336493