0 0.49755344418052255 0.8336966824644549 0.023040380047505936 0.051848341232227486
6 0.41641330166270785 0.07933649289099526 0.02156769596199525 0.03786729857819905
7 0.38788598574821853 0.18260663507109004 0.02178147268408551 0.05
3 0.6115676959619953 0.1843127962085308 0.019643705463182896 0.041232227488151654
1 0.5013301662707839 0.42042654028436016 0.020878859857482182 0.04682464454976304
4 0.4982660332541568 0.6322748815165876 0.025676959619952495 0.028151658767772515
5 0.5949881235154395 0.6718957345971565 0.023016627078384796 0.051516587677725115
5 0.6328503562945368 0.7338862559241706 0.024441805225653205 0.0490521327014218
5 0.5261045130641331 0.6781516587677725 0.024109263657957247 0.047061611374407585
5 0.5445843230403801 0.7178199052132702 0.019643705463182896 0.04611374407582938
5 0.534418052256532 0.7332701421800948 0.023705463182897863 0.050284360189573454
5 0.5042755344418053 0.7600473933649289 0.02311163895486936 0.047962085308056866
5 0.5132779097387173 0.7159715639810427 0.02403800475059382 0.049715639810426544
5 0.5006650831353919 0.6659715639810427 0.0195249406175772 0.04450236966824645
5 0.4839429928741093 0.6824170616113745 0.01776722090261283 0.038530805687203795
5 0.47888361045130645 0.6956398104265403 0.01978622327790974 0.03099526066350711
5 0.4664845605700712 0.717914691943128 0.024251781472684086 0.05123222748815166
5 0.4911163895486936 0.7164454976303317 0.022351543942992873 0.04341232227488152
5 0.5042042755344418 0.691611374407583 0.020522565320665084 0.02289099526066351