6 0.3830166270783848 0.1023696682464455 0.019334916864608077 0.03772511848341232
7 0.386270783847981 0.1799052132701422 0.020950118764845607 0.044597156398104264
3 0.6122090261282661 0.1837914691943128 0.019691211401425174 0.045023696682464455
1 0.5025890736342042 0.42023696682464456 0.01971496437054632 0.03914691943127962
4 0.4978859857482186 0.634170616113744 0.023705463182897863 0.027061611374407584
0 0.49985748218527315 0.8344549763033176 0.02520190023752969 0.05578199052132701
5 0.6318289786223278 0.7307109004739337 0.022399049881235155 0.05
5 0.5946793349168646 0.6737914691943128 0.02363420427553444 0.050426540284360194
5 0.5266508313539192 0.6772985781990521 0.020332541567695962 0.03800947867298578
5 0.5446318289786223 0.7145497630331754 0.022209026128266033 0.04445497630331754
5 0.5334441805225654 0.7325118483412323 0.022969121140142518 0.04635071090047393
5 0.5046080760095012 0.7619905213270142 0.02377672209026128 0.049478672985781985
5 0.43926365795724465 0.8323696682464454 0.024608076009501188 0.04914691943127962
5 0.49781472684085515 0.6652132701421801 0.02114014251781473 0.040568720379146925
5 0.48268408551068887 0.6776303317535545 0.018907363420427554 0.026540284360189573
5 0.5034916864608076 0.693696682464455 0.01788598574821853 0.029478672985781988
5 0.5126365795724466 0.7165876777251184 0.023990498812351543 0.04853080568720379
5 0.47731591448931115 0.6929383886255924 0.02154394299287411 0.025592417061611375
5 0.4649406175771972 0.7157819905213271 0.026009501187648453 0.04203791469194312
5 0.48855106888361044 0.7169668246445497 0.022090261282660333 0.039620853080568716