3 0.6112589073634204 0.1876777251184834 0.0202375296912114 0.047962085308056866
7 0.3873159144893112 0.18255924170616114 0.024275534441805226 0.04744075829383886
6 0.25847980997624703 0.19526066350710902 0.024845605700712592 0.04364928909952607
1 0.5026840855106888 0.4185308056872038 0.02358669833729216 0.04791469194312796
4 0.4982660332541568 0.6315165876777251 0.025676959619952495 0.024265402843601895
0 0.49980997624703083 0.831090047393365 0.023919239904988124 0.0490521327014218
5 0.43926365795724465 0.828957345971564 0.024608076009501188 0.0424170616113744
5 0.4661520190023753 0.7112322274881516 0.02358669833729216 0.04028436018957346
5 0.4988361045130641 0.6633175355450237 0.02318289786223278 0.041658767772511845
5 0.48558194774346797 0.6803791469194312 0.018574821852731592 0.03450236966824645
5 0.4782185273159145 0.6929383886255924 0.01971496437054632 0.025592417061611375
5 0.4904750593824228 0.7138862559241705 0.022304038004750594 0.04312796208530806
5 0.5039192399049881 0.6902369668246445 0.02114014251781473 0.02018957345971564
5 0.5116627078384798 0.7153080568720379 0.023230403800475058 0.048388625592417064
5 0.526769596199525 0.679478672985782 0.025463182897862233 0.04720379146919432
5 0.5445843230403801 0.7185308056872038 0.019643705463182896 0.05
5 0.5346555819477434 0.7318483412322274 0.020522565320665084 0.045023696682464455
5 0.5039429928741093 0.7630331753554502 0.022422802850356294 0.039336492890995264
5 0.5942992874109263 0.6690047393364928 0.02166270783847981 0.03838862559241706
5 0.6315676959619952 0.7266350710900473 0.024299287410926365 0.0418957345971564