6 0.43541966426858514 0.14975247524752475 0.023093525179856116 0.042821782178217825
7 0.39270983213429256 0.17782178217821784 0.0192326139088729 0.04445544554455446
1 0.5009592326139088 0.4164356435643565 0.019880095923261388 0.05391089108910892
2 0.5000239808153477 0.17896039603960395 0.02040767386091127 0.03935643564356436
3 0.6063309352517986 0.17920792079207923 0.01959232613908873 0.04722772277227722
4 0.49959232613908877 0.6302475247524753 0.027937649880095925 0.03594059405940594
5 0.6417505995203837 0.6345049504950494 0.023309352517985615 0.04945544554455446
5 0.521726618705036 0.6708910891089109 0.01827338129496403 0.02069306930693069
5 0.5035251798561151 0.6599999999999999 0.021414868105515586 0.028663366336633665
5 0.5229976019184652 0.7015346534653466 0.01841726618705036 0.04737623762376238
5 0.535083932853717 0.7197029702970297 0.022206235011990406 0.044059405940594064
5 0.5274340527577938 0.7516831683168317 0.018872901678657076 0.04608910891089109
5 0.5110791366906475 0.7105940594059406 0.020935251798561153 0.04569306930693069
5 0.5000479616306954 0.6974752475247524 0.021678657074340524 0.04173267326732673
5 0.48549160671462827 0.6792574257425743 0.020143884892086333 0.04242574257425743
5 0.473621103117506 0.7229207920792079 0.023956834532374103 0.043069306930693066
5 0.47544364508393283 0.7672772277227723 0.02160671462829736 0.04514851485148515
5 0.42465227817745804 0.6954950495049506 0.02196642685851319 0.04019801980198019
5 0.3799040767386091 0.6519801980198019 0.023573141486810553 0.04475247524752475
5 0.5022541966426859 0.7987623762376237 0.021270983213429254 0.02891089108910891
0 0.5010551558752998 0.8383663366336633 0.02366906474820144 0.048712871287128715