7 0.38686460807600953 0.1822748815165877 0.025011876484560568 0.04597156398104265
6 0.2422327790973872 0.20767772511848342 0.022969121140142518 0.040426540284360185
1 0.5032066508313539 0.41620853080568715 0.019097387173396672 0.04417061611374408
3 0.610166270783848 0.18052132701421802 0.01798099762470309 0.04251184834123223
4 0.4974346793349168 0.6332701421800948 0.02327790973871734 0.027251184834123223
0 0.5002850356294537 0.8325118483412323 0.021116389548693586 0.05308056872037915
5 0.4392399049881235 0.8339810426540284 0.024584323040380048 0.04663507109004739
5 0.4991448931116389 0.6630805687203791 0.025106888361045132 0.03364928909952607
5 0.48382422802850356 0.6802843601895734 0.024323040380047508 0.030521327014218013
5 0.4767695961995249 0.6933649289099527 0.022755344418052256 0.025308056872037913
5 0.5014964370546319 0.6876777251184834 0.02040380047505938 0.02962085308056872
5 0.5255581947743467 0.6808056872037915 0.024608076009501188 0.05033175355450237
5 0.59458432304038 0.6690995260663507 0.026104513064133018 0.04251184834123223
5 0.631353919239905 0.7258767772511848 0.025843230403800477 0.04023696682464455
5 0.5453919239904989 0.7137914691943129 0.025035629453681707 0.050521327014218013
5 0.5337529691211401 0.732654028436019 0.022161520190023754 0.04753554502369668
5 0.5131353919239905 0.7170142180094786 0.02327790973871734 0.04753554502369668
5 0.48914489311163895 0.7145023696682464 0.022422802850356294 0.045639810426540285
5 0.4652256532066509 0.7137914691943129 0.02318289786223278 0.050521327014218013
5 0.5044655581947743 0.7630805687203791 0.02320665083135392 0.04578199052132702