6 0.6804750593824228 0.607914691943128 0.030783847980997626 0.05483412322274882
3 0.6039667458432304 0.18507109004739336 0.01971496437054632 0.03592417061611374
1 0.49285035629453683 0.1852132701421801 0.02040380047505938 0.04251184834123223
2 0.4851068883610451 0.1528436018957346 0.023705463182897863 0.03417061611374408
7 0.4139429928741093 0.19426540284360191 0.01950118764845606 0.04180094786729858
0 0.4962945368171021 0.8317061611374408 0.025724465558194774 0.04203791469194312
5 0.6114964370546319 0.7874881516587677 0.02382422802850356 0.05388625592417061
5 0.49581947743467936 0.7961137440758294 0.02318289786223278 0.0366350710900474
5 0.5110926365795724 0.6817535545023696 0.022327790973871733 0.042796208530805686
5 0.4970783847980998 0.6997630331753555 0.024156769596199525 0.03805687203791469
5 0.4921140142517815 0.7219905213270142 0.02363420427553444 0.03876777251184834
5 0.47140142517814726 0.7049763033175356 0.021448931116389548 0.04853080568720379
4 0.4959144893111639 0.6554028436018957 0.026508313539192398 0.0433175355450237