5 0.28519832985386223 0.8796352583586625 0.02615866388308977 0.038905775075987845
5 0.43248434237995825 0.8586322188449849 0.022693110647181627 0.03668693009118541
5 0.5824843423799583 0.7786322188449849 0.021774530271398747 0.03601823708206687
5 0.5242171189979123 0.7549240121580547 0.024739039665970772 0.03683890577507599
5 0.5141544885177453 0.6434346504559271 0.016116910229645093 0.03395136778115501
5 0.49943632567849683 0.6565957446808511 0.01835073068893528 0.030911854103343465
5 0.47866388308977037 0.6731306990881459 0.02148225469728601 0.03045592705167173
5 0.44419624217119 0.6869908814589666 0.021649269311064718 0.03300911854103343
5 0.4889144050104384 0.6935562310030395 0.021795407098121083 0.031489361702127655
5 0.4832776617954071 0.7173252279635258 0.023465553235908144 0.032887537993920975
5 0.5195824634655533 0.6824924012158055 0.021231732776617954 0.03033434650455927
5 0.5365762004175365 0.6933434650455927 0.019227557411273487 0.022644376899696048
5 0.5400208768267224 0.7184802431610942 0.02033402922755741 0.03519756838905775
4 0.4983507306889353 0.626079027355623 0.020521920668058455 0.024407294832826745
1 0.5036743215031315 0.401063829787234 0.02106471816283925 0.025045592705167173
2 0.5054697286012526 0.16939209726443769 0.017473903966597076 0.024984802431610945
7 0.40102296450939456 0.17009118541033436 0.021649269311064718 0.030577507598784196
5 0.8669728601252609 0.6317933130699088 0.020605427974947806 0.031610942249240125
6 0.865615866388309 0.6596352583586627 0.02651356993736952 0.04115501519756839