6 0.2962562814070352 0.6903045685279189 0.025402010050251254 0.05187817258883249
5 0.24341708542713567 0.894010152284264 0.027386934673366836 0.058020304568527914
5 0.3526633165829146 0.8760913705583756 0.02690954773869347 0.053604060913705585
5 0.3501005025125628 0.800253807106599 0.02537688442211055 0.04690355329949239
5 0.3569849246231156 0.7270558375634517 0.023592964824120606 0.04558375634517767
5 0.3896482412060302 0.6736040609137055 0.0207286432160804 0.045025380710659896
5 0.4281155778894472 0.6703045685279189 0.023517587939698492 0.04086294416243655
5 0.4693969849246231 0.6908629441624365 0.02469849246231156 0.048121827411167516
5 0.38821608040201 0.7951269035532994 0.026231155778894472 0.046345177664974625
5 0.462713567839196 0.7975634517766498 0.022110552763819097 0.04152284263959391
5 0.4952261306532663 0.834517766497462 0.024899497487437187 0.04543147208121827
5 0.538391959798995 0.9217258883248731 0.026281407035175883 0.048223350253807105
5 0.5219346733668342 0.7225380710659899 0.02329145728643216 0.04380710659898478
0 0.5053266331658292 0.9148223350253807 0.025954773869346734 0.05131979695431472
4 0.3812814070351759 0.520253807106599 0.02550251256281407 0.04294416243654823
1 0.49396984924623116 0.42568527918781723 0.024748743718592963 0.04954314720812183
7 0.3843718592964824 0.18319796954314724 0.023316582914572864 0.04314720812182741
2 0.4931909547738693 0.18446700507614214 0.01964824120603015 0.0432994923857868
3 0.5045979899497488 0.0617258883248731 0.02208542713567839 0.04436548223350254