5 0.8685386221294362 0.6302127659574468 0.022275574112734862 0.03477203647416413
5 0.5851356993736951 0.7747720364741641 0.02129436325678497 0.036717325227963525
5 0.5249060542797495 0.7543465045592705 0.021795407098121083 0.03565349544072949
5 0.43244258872651353 0.8575683890577507 0.021169102296450942 0.03878419452887538
5 0.2840918580375783 0.8801519756838906 0.026784968684759918 0.0378419452887538
5 0.511544885177453 0.6444376899696049 0.018100208768267224 0.029635258358662615
5 0.5028183716075156 0.6567173252279636 0.017954070981210855 0.03534954407294833
5 0.4465135699373695 0.6886626139817629 0.02340292275574113 0.03428571428571428
5 0.48096033402922755 0.6737082066869301 0.021711899791231733 0.031610942249240125
5 0.48939457202505215 0.695258358662614 0.025636743215031312 0.03276595744680851
5 0.4835490605427975 0.7161702127659575 0.019707724425887266 0.03054711246200608
5 0.5200208768267224 0.6819756838905775 0.023549060542797495 0.0313677811550152
5 0.5384968684759917 0.695015197568389 0.020187891440501045 0.0239209726443769
5 0.5412108559498956 0.719179331306991 0.022734864300626306 0.040790273556231
4 0.5010229645093945 0.6289969604863221 0.021544885177453028 0.03021276595744681
1 0.5054697286012526 0.4055927051671733 0.017473903966597076 0.029939209726443768
6 0.5166179540709812 0.38127659574468087 0.023945720250521923 0.02735562310030395
7 0.4024425887265136 0.17063829787234042 0.018768267223382047 0.029513677811550156
2 0.5055532359081419 0.16841945288753798 0.02050104384133612 0.02927051671732523
0 0.5553027139874739 0.9194528875379939 0.02498956158663883 0.022127659574468085