7 0.4168171021377672 0.19658767772511848 0.024821852731591446 0.04635071090047393
6 0.3896199524940618 0.7487677725118483 0.02643705463182898 0.05701421800947867
5 0.4936817102137767 0.7954502369668247 0.022636579572446556 0.03123222748815166
5 0.4748693586698337 0.7076777251184834 0.026413301662707837 0.05014218009478673
5 0.4918289786223278 0.7236492890995261 0.025011876484560568 0.05056872037914692
5 0.49722090261282664 0.6983412322274881 0.022351543942992873 0.03639810426540284
4 0.4924703087885986 0.6506161137440758 0.025059382422802853 0.045450236966824646
2 0.48527315914489316 0.15412322274881518 0.019192399049881237 0.036777251184834124
1 0.4942042755344418 0.1837914691943128 0.017553444180522564 0.045023696682464455
3 0.6055344418052256 0.18507109004739336 0.022209026128266033 0.045118483412322274
0 0.4991448931116389 0.8356398104265402 0.022565320665083134 0.053364928909952605