6 0.4273871733966746 0.07104265402843601 0.023990498812351543 0.03829383886255924
7 0.38717339667458434 0.1825118483412322 0.019144893111638955 0.04488151658767773
3 0.6115914489311164 0.18635071090047395 0.020926365795724468 0.04526066350710901
1 0.5029216152019003 0.4205687203791469 0.02040380047505938 0.05199052132701422
0 0.4989073634204275 0.8343127962085307 0.025748218527315913 0.05066350710900474
4 0.4979097387173397 0.6322748815165876 0.024988123515439428 0.028151658767772515
5 0.5940142517814727 0.6712322274881516 0.022280285035629455 0.05014218009478673
5 0.631187648456057 0.732654028436019 0.022327790973871733 0.05146919431279621
5 0.5260332541567696 0.6788625592417062 0.02154394299287411 0.048388625592417064
5 0.5437054631828979 0.717914691943128 0.022755344418052256 0.05123222748815166
5 0.5325890736342043 0.7346919431279622 0.027363420427553443 0.05554502369668247
5 0.5053919239904988 0.7654502369668246 0.029002375296912117 0.058767772511848344
5 0.5000475059382423 0.662654028436019 0.020736342042755346 0.04028436018957346
5 0.48434679334916864 0.6797156398104265 0.021021377672209025 0.033127962085308056
5 0.4782185273159145 0.696350710900474 0.01971496437054632 0.03232227488151659
5 0.4662470308788598 0.7157819905213271 0.027434679334916865 0.04203791469194312
5 0.48983372921615204 0.7172037914691943 0.022232779097387172 0.04729857819905214
5 0.5025890736342042 0.6930331753554502 0.01971496437054632 0.028151658767772515
5 0.5142042755344418 0.7170616113744076 0.022232779097387172 0.042180094786729856