5 0.6101425178147268 0.7875355450236966 0.02653206650831354 0.04701421800947867
5 0.5119714964370546 0.6830805687203791 0.022636579572446556 0.03990521327014218
5 0.49722090261282664 0.6997156398104265 0.022351543942992873 0.03909952606635071
5 0.4904750593824228 0.7227488151658767 0.022304038004750594 0.038957345971563986
5 0.472541567695962 0.7018009478672986 0.022969121140142518 0.0456872037914692
5 0.49403800475059384 0.7959241706161138 0.02330166270783848 0.024881516587677725
0 0.49786223277909736 0.8290521327014219 0.022422802850356294 0.04497630331753555
4 0.49574821852731593 0.6563033175355449 0.027980997624703085 0.042180094786729856
6 0.6815914489311163 0.6110900473933649 0.025700712589073634 0.04895734597156398
3 0.6045368171021377 0.18559241706161136 0.020166270783847983 0.041374407582938394
1 0.4942042755344418 0.18170616113744079 0.017553444180522564 0.03838862559241706
2 0.4842517814726841 0.15407582938388625 0.017149643705463184 0.034218009478672984
7 0.4148693586698337 0.19592417061611375 0.02332541567695962 0.045023696682464455