6 0.30447236180904524 0.6796446700507613 0.026256281407035176 0.05710659898477157
5 0.24469849246231157 0.8907106598984772 0.027537688442211057 0.05385786802030457
5 0.352286432160804 0.8760913705583756 0.024974874371859294 0.053604060913705585
5 0.538391959798995 0.9215736040609137 0.026281407035175883 0.040558375634517765
5 0.5226381909547738 0.7279187817258883 0.025879396984924623 0.05456852791878172
5 0.4687437185929648 0.6914720812182741 0.023366834170854275 0.04690355329949239
5 0.426859296482412 0.6704568527918783 0.023366834170854275 0.04598984771573604
5 0.38907035175879395 0.6762944162436547 0.023190954773869347 0.050406091370558376
5 0.35731155778894474 0.7321319796954314 0.024246231155778897 0.04609137055837564
5 0.3497738693467337 0.8034010152284264 0.02472361809045226 0.045939086294416245
5 0.3878894472361809 0.796497461928934 0.02557788944723618 0.04903553299492386
4 0.38123115577889444 0.5209644670050761 0.024246231155778897 0.044263959390862945
1 0.4941959798994975 0.4268020304568528 0.021633165829145727 0.04456852791878172
7 0.38432160804020105 0.18385786802030457 0.022060301507537686 0.044517766497461926
2 0.49293969849246233 0.18370558375634516 0.021507537688442213 0.039390862944162434
3 0.5035929648241206 0.06101522842639594 0.020100502512562814 0.04050761421319797