0 0.5006680584551149 0.8614893617021276 0.026096033402922755 0.04364741641337386
0 0.554572025052192 0.9212158054711246 0.02640918580375783 0.025623100303951367
5 0.5840501043841336 0.777629179331307 0.023444676409185804 0.04030395136778116
5 0.43283924843423804 0.85629179331307 0.021962421711899792 0.03203647416413374
5 0.28283924843423797 0.8795136778115502 0.022881002087682675 0.03446808510638298
5 0.4450104384133612 0.6892705167173253 0.023235908141962424 0.035440729483282675
5 0.5256576200417536 0.7514285714285714 0.0218580375782881 0.029848024316109424
5 0.868580375782881 0.6330699088145897 0.023799582463465554 0.03835866261398176
5 0.5408141962421712 0.722370820668693 0.021941544885177452 0.036717325227963525
5 0.5377870563674322 0.6938601823708207 0.02162839248434238 0.021580547112462004
5 0.519624217118998 0.6840729483282675 0.022755741127348645 0.027173252279635258
5 0.5111482254697286 0.6444376899696049 0.01730688935281837 0.029635258358662615
5 0.5021503131524009 0.6566565349544072 0.02091858037578288 0.0331306990881459
5 0.47931106471816287 0.6742249240121581 0.0169937369519833 0.03054711246200608
5 0.49 0.6941945288753799 0.01962421711899791 0.03486322188449848
5 0.48359081419624217 0.7167477203647417 0.021231732776617954 0.03170212765957447
6 0.5294154488517745 0.3950151975683891 0.020751565762004175 0.025501519756838908
1 0.5035908141962422 0.40112462006079025 0.01803757828810021 0.027234042553191493
2 0.5039457202505219 0.17051671732522797 0.01730688935281837 0.02507598784194529
7 0.4032567849686848 0.17003039513677812 0.020375782881002086 0.028358662613981764