6 0.4465795724465558 0.053791469194312796 0.021092636579572447 0.03156398104265403
7 0.3874346793349169 0.1804739336492891 0.019406175771971495 0.044834123222748816
3 0.6104275534441805 0.1827962085308057 0.02007125890736342 0.034644549763033175
1 0.5026840855106888 0.42137440758293837 0.019168646080760094 0.04402843601895734
4 0.49757719714964366 0.6325118483412323 0.0238479809976247 0.023222748815165877
0 0.4994774346793349 0.8312796208530806 0.02142517814726841 0.054502369668246446
5 0.43973871733966746 0.8336966824644549 0.022327790973871733 0.04691943127962085
5 0.5944893111638955 0.6702369668246445 0.02166270783847981 0.04672985781990521
5 0.5000475059382423 0.6621800947867299 0.018883610451306414 0.03805687203791469
5 0.5248931116389548 0.6767772511848342 0.020190023752969122 0.04739336492890995
5 0.5441567695961995 0.7166824644549763 0.02026128266033254 0.05549763033175356
5 0.5337529691211401 0.7321800947867299 0.02178147268408551 0.04928909952606635
5 0.5020427553444181 0.6899052132701421 0.02040380047505938 0.026635071090047393
5 0.48441805225653206 0.6808056872037915 0.019857482185273157 0.02829383886255924
5 0.4768646080760095 0.6911374407582939 0.01840855106888361 0.024170616113744076
5 0.5134679334916864 0.7143127962085308 0.019643705463182896 0.03829383886255924
5 0.4894061757719715 0.7149763033175356 0.02363420427553444 0.03966824644549763
5 0.46427553444180525 0.7151658767772512 0.024251781472684086 0.04753554502369668
5 0.5027790973871734 0.7613270142180094 0.02308788598574822 0.04322274881516587
5 0.6311163895486935 0.7320379146919431 0.024228028503562943 0.04407582938388626