0 0.5012949640287769 0.8350990099009901 0.020551558752997603 0.04965346534653465
5 0.3804556354916067 0.6532673267326733 0.021103117505995205 0.0449009900990099
5 0.42501199040767385 0.6963366336633663 0.023884892086330937 0.04683168316831684
5 0.47544364508393283 0.7660891089108911 0.02160671462829736 0.05024752475247525
5 0.528705035971223 0.7531683168316831 0.019016786570743405 0.05410891089108911
5 0.6403597122302158 0.6299009900990099 0.0181294964028777 0.047673267326732674
5 0.5347002398081535 0.7140594059405941 0.019016786570743405 0.05257425742574257
5 0.5221342925659472 0.6742574257425742 0.02146282973621103 0.024950495049504952
5 0.5229256594724221 0.7026237623762377 0.015875299760191846 0.039653465346534654
5 0.5104556354916068 0.7125247524752476 0.02088729016786571 0.0446039603960396
5 0.4980815347721822 0.6963366336633663 0.018944844124700242 0.04683168316831684
5 0.5041726618705036 0.6638118811881188 0.02273381294964029 0.023861386138613862
5 0.48170263788968826 0.6826237623762376 0.019760191846522782 0.04668316831683168
5 0.4738369304556355 0.7216336633663367 0.02081534772182254 0.04297029702970297
4 0.49942446043165467 0.6310891089108911 0.02160671462829736 0.04257425742574257
1 0.50189448441247 0.4200990099009901 0.019352517985611512 0.04386138613861386
6 0.4369064748201439 0.14905940594059405 0.02009592326139089 0.04143564356435643
7 0.39218225419664265 0.1804950495049505 0.022973621103117507 0.04732673267326733
2 0.5005755395683453 0.180990099009901 0.017937649880095923 0.04089108910891089
3 0.6061870503597122 0.1796039603960396 0.014532374100719423 0.03811881188118812