7 0.4038709677419355 0.1555 0.020172043010752677 0.030906250000000003
6 0.5041935483870967 0.17103125 0.02062365591397844 0.03228125
2 0.5381720430107527 0.10003124999999999 0.020150537634408612 0.030874999999999996
3 0.6050752688172043 0.15859375 0.0238924731182796 0.03296874999999999
5 0.5669032258064517 0.25396874999999997 0.0238924731182796 0.03678125000000003
1 0.5056559139784946 0.36546875 0.022967741935483885 0.035781249999999966
5 0.1130967741935484 0.83978125 0.02402150537634409 0.03106250000000017
5 0.8561505376344086 0.65928125 0.024064516129032376 0.035781249999999966
5 0.7577634408602151 0.7928437500000001 0.026688172043010685 0.03996875000000007
0 0.7006236559139786 0.82659375 0.02692473118279566 0.03962499999999984
5 0.5537204301075269 0.6520937499999999 0.022967741935483826 0.03371875000000006
5 0.49516129032258066 0.6455625 0.020387096774193588 0.03303124999999998
5 0.5181290322580645 0.64009375 0.022494623655913936 0.03440624999999997
5 0.48019354838709677 0.622625 0.020150537634408612 0.032343750000000074
5 0.5067096774193548 0.6157812500000001 0.020860215053763415 0.022749999999999916
5 0.5244946236559139 0.6080625000000001 0.021075268817204326 0.02993749999999995
5 0.4769032258064516 0.599 0.024860215053763447 0.026187499999999985
5 0.4862150537634409 0.5902499999999999 0.022279569892473147 0.027187499999999965
5 0.5041290322580645 0.59246875 0.018494623655914026 0.025500000000000078
4 0.508 0.57278125 0.02204301075268817 0.016906250000000077