7 0.39361290322580644 0.14550000000000002 0.01961290322580646 0.034937500000000024
2 0.5064731182795699 0.157 0.02004301075268816 0.029875000000000006
3 0.6065376344086022 0.15537499999999999 0.018623655913978427 0.03003125
6 0.4477419354838709 0.1441875 0.022795698924731232 0.03503125000000003
1 0.5061505376344086 0.366625 0.023698924731182756 0.03528124999999997
0 0.5045591397849463 0.75103125 0.02516129032258062 0.0375
5 0.3809892473118279 0.5703437499999999 0.023161290322580606 0.037406250000000085
5 0.4655698924731183 0.67865625 0.02212903225806456 0.03606250000000007
5 0.5014623655913979 0.65978125 0.023849462365591344 0.03490625000000005
5 0.5242150537634408 0.65775 0.02268817204301078 0.03659374999999994
5 0.6433978494623656 0.5353125000000001 0.026688172043010685 0.038093749999999996
5 0.4389892473118279 0.67521875 0.024193548387096774 0.035500000000000045
5 0.4869462365591398 0.64265625 0.023634408602150558 0.028718749999999994
5 0.5193118279569893 0.63434375 0.02522580645161294 0.021250000000000036
5 0.7022150537634408 0.74503125 0.025763440860215092 0.040437499999999994
5 0.48277419354838713 0.6180625 0.023290322580645128 0.019562499999999972
5 0.5058924731182796 0.62040625 0.023053763440860273 0.021812500000000058
5 0.5820430107526882 0.60746875 0.02348387096774185 0.037968749999999926
5 0.4955913978494623 0.60221875 0.026129032258064466 0.013312499999999972
5 0.5157204301075269 0.60753125 0.025096774193548423 0.02524999999999995
5 0.5002365591397849 0.58690625 0.024989247311827965 0.01743749999999995
4 0.8420860215053764 0.57265625 0.027655913978494654 0.04356249999999999