7 0.32703225806451613 0.11809375 0.020817204301075285 0.03171875000000002
2 0.5055483870967742 0.1559375 0.02021505376344081 0.03171875000000002
1 0.5225161290322581 0.38690625 0.023440860215053715 0.033093749999999963
5 0.38210752688172045 0.570875 0.026408602150537575 0.04243749999999995
5 0.8601935483870968 0.6260625 0.02673118279569882 0.03496874999999999
5 0.8156774193548387 0.6066874999999999 0.026193548387096668 0.03718749999999993
5 0.46339784946236556 0.49240625 0.024322580645161296 0.03403124999999996
5 0.6446236559139785 0.53153125 0.022817204301075297 0.03856249999999992
4 0.8418494623655913 0.5700624999999999 0.024301075268817106 0.03990624999999994
6 0.3197204301075269 0.65303125 0.028086021505376348 0.03846875000000001
3 0.6052903225806451 0.15690625 0.01838709677419345 0.026187499999999985