7 0.4039139784946236 0.15525 0.021139784946236525 0.029625000000000012
2 0.5054623655913978 0.15525 0.020387096774193588 0.029625000000000012
3 0.6051182795698925 0.15578125 0.020387096774193588 0.028531249999999987
1 0.5043225806451612 0.3664375 0.021139784946236525 0.03950000000000005
6 0.5518709677419354 0.6878437500000001 0.020580645161290368 0.03778124999999992
5 0.4760430107526882 0.6626562500000001 0.022752688172042977 0.03778124999999992
5 0.49608602150537634 0.63746875 0.02165591397849461 0.031468749999999976
5 0.5069247311827957 0.6524062500000001 0.02165591397849461 0.03618749999999995
5 0.4798494623655914 0.62171875 0.02165591397849461 0.03778124999999992
5 0.5020430107526882 0.61621875 0.02490322580645158 0.03618749999999995
5 0.49283870967741933 0.57528125 0.02382795698924728 0.03618749999999995
5 0.4950107526881721 0.54615625 0.02382795698924728 0.02834374999999998
5 0.6438924731182796 0.65615625 0.030215053763440764 0.04221874999999997
4 0.546258064516129 0.43153125000000003 0.02789247311827963 0.04221874999999997
5 0.5939139784946237 0.60715625 0.02556989247311825 0.04559374999999992
5 0.5753118279569892 0.65615625 0.02556989247311825 0.04559374999999992
5 0.24989247311827958 0.44165625000000003 0.023247311827956994 0.038843750000000024
5 0.15632258064516127 0.6443125000000001 0.02673118279569894 0.04896875000000005