2 0.5055913978494624 0.15284375 0.01860215053763436 0.03209374999999999
4 0.5160430107526882 0.58015625 0.02556989247311825 0.038843750000000024
5 0.5741505376344086 0.62153125 0.02789247311827963 0.04053125000000009
5 0.6438924731182796 0.56578125 0.02556989247311825 0.04053125000000009
5 0.4927956989247312 0.63334375 0.02092473118279574 0.03715624999999996
5 0.4712903225806452 0.6409374999999999 0.022086021505376304 0.038843750000000024
5 0.48118279569892475 0.657 0.023247311827956994 0.030406250000000058
5 0.3120645161290323 0.8149062499999999 0.02673118279569894 0.04221874999999997
5 0.5840430107526882 0.7861875 0.02673118279569882 0.038843750000000024
0 0.42363440860215057 0.8368437500000001 0.029053763440860195 0.03209374999999994
5 0.43468817204301075 0.39171875 0.018774193548387136 0.04181249999999999
5 0.18576344086021504 0.54259375 0.023763440860215077 0.03818750000000008
5 0.6617204301075269 0.80796875 0.02752688172043001 0.04181249999999999
5 0.7843225806451612 0.8352499999999999 0.02752688172043001 0.027281250000000055
3 0.6761505376344087 0.04871875 0.021376344086021622 0.029656250000000006
7 0.39544086021505376 0.14750000000000002 0.01929032258064522 0.025375000000000016
1 0.5572258064516129 0.48390625 0.02417204301075271 0.03337500000000002
5 0.6194838709677419 0.750875 0.025376344086021407 0.043906250000000036
5 0.7439784946236558 0.69028125 0.025376344086021407 0.03865625000000002
6 0.7176129032258064 0.03640625 0.020387096774193588 0.02590625