7 0.40458064516129033 0.156 0.02090322580645167 0.03271875
2 0.5062150537634408 0.15796875 0.02092473118279574 0.031937499999999994
3 0.6067956989247313 0.157625 0.021569892473118222 0.03328125000000002
5 0.47625806451612906 0.6837187499999999 0.025182795698924686 0.03656249999999996
5 0.5470967741935484 0.6756249999999999 0.02565591397849464 0.035781249999999966
5 0.49675268817204304 0.6760937499999999 0.026236559139784923 0.03546875000000007
5 0.37367741935483867 0.8164374999999999 0.023763440860215077 0.03806249999999993
4 0.5035913978494624 0.5719375 0.026881720430107527 0.028187499999999942
5 0.7279569892473118 0.66959375 0.025419354838709784 0.038124999999999964
1 0.5057849462365591 0.36475 0.024129032258064575 0.038124999999999964
5 0.4709032258064516 0.6364062500000001 0.022709677419354844 0.03206249999999997
5 0.49483870967741933 0.637625 0.019053763440860245 0.031124999999999937
5 0.5166021505376344 0.638375 0.022817204301075297 0.032624999999999994
5 0.5654408602150538 0.6058749999999999 0.026064516129032267 0.03790624999999999
5 0.6162150537634409 0.6103125 0.023849462365591465 0.03659374999999994
5 0.4838494623655914 0.61475 0.024387096774193495 0.017125000000000057
5 0.5067956989247312 0.61484375 0.022709677419354844 0.01843749999999993
5 0.49632258064516127 0.6035 0.02490322580645158 0.01618750000000002
5 0.5186881720430108 0.6055937499999999 0.02075268817204296 0.027156249999999993
5 0.5038709677419355 0.59103125 0.028559139784946178 0.013906249999999964