7 0.40516129032258064 0.15553125 0.02234408602150535 0.03300000000000001
2 0.5064086021505376 0.15659375 0.018924731182795723 0.027718750000000014
3 0.6051612903225806 0.15659375 0.01800000000000001 0.03003125
1 0.5070322580645161 0.3676875 0.019376344086021485 0.03471875000000004
5 0.4724516129032258 0.6367812500000001 0.023333333333333383 0.03253125000000008
5 0.49451612903225806 0.631875 0.024258064516128972 0.02449999999999992
4 0.506258064516129 0.5743437499999999 0.023655913978494623 0.02709375000000005
0 0.5048172043010752 0.74909375 0.025139784946236553 0.04328125000000007
6 0.5482795698924731 0.23409375 0.02436559139784955 0.037375000000000026
5 0.3829462365591398 0.6269375 0.023096774193548407 0.03324999999999996
5 0.5054193548387097 0.65178125 0.023935483870967732 0.03762500000000006
5 0.481010752688172 0.662 0.02490322580645158 0.03693749999999998
5 0.3885591397849463 0.65134375 0.029333333333333305 0.03903125000000003
5 0.5176344086021505 0.63625 0.02092473118279574 0.026718750000000034
5 0.5411182795698924 0.63615625 0.026344086021505377 0.031187500000000055
5 0.4832258064516129 0.61796875 0.021139784946236525 0.01615625000000005
5 0.5060645161290322 0.6174375000000001 0.02402150537634412 0.016000000000000014
5 0.5293978494623656 0.61665625 0.02591397849462368 0.016312500000000084
5 0.4922150537634408 0.603875 0.02443010752688175 0.014000000000000058
5 0.5175698924731182 0.60459375 0.027849462365591375 0.016312500000000084
5 0.5054193548387097 0.58903125 0.026559139784946284 0.014000000000000058
5 0.5294623655913978 0.6568125 0.024215053763440842 0.032624999999999994