7 0.4039139784946236 0.15525 0.021139784946236525 0.029625000000000012
2 0.5054623655913978 0.15525 0.020387096774193588 0.029625000000000012
3 0.6051182795698925 0.15578125 0.020387096774193588 0.028531249999999987
4 0.5469677419354838 0.42628125 0.023634408602150558 0.03434375000000003
5 0.1724731182795699 0.64178125 0.02686021505376346 0.040593750000000026
5 0.3046451612903226 0.42003124999999997 0.022559139784946256 0.02809375000000003
5 0.33778494623655914 0.7304999999999999 0.02582795698924729 0.037531249999999974
5 0.15096774193548387 0.5356875 0.021870967741935456 0.03815624999999993
5 0.4096774193548387 0.65015625 0.022967741935483885 0.03815624999999993
5 0.4649032258064516 0.631875 0.024064516129032255 0.03337500000000002
5 0.4681935483870968 0.60721875 0.024064516129032255 0.03178125000000005
5 0.49881720430107523 0.61278125 0.021870967741935518 0.03337500000000002
5 0.5064731182795699 0.63821875 0.021870967741935518 0.039750000000000084
5 0.521247311827957 0.77809375 0.02077419354838715 0.039750000000000084
5 0.3516989247311828 0.7176875 0.022967741935483885 0.03656249999999996
1 0.5045806451612903 0.366625 0.02010752688172048 0.03409374999999999
5 0.49286021505376343 0.5730625 0.025139784946236553 0.04018750000000004
5 0.3520430107526881 0.813625 0.023462365591397902 0.03653125000000017
0 0.3365376344086022 0.7923125 0.022623655913978455 0.03774999999999995
6 0.45531182795698927 0.4425 0.024645161290322536 0.03674999999999997