2 0.5056344086021506 0.1566875 0.020860215053763415 0.025562500000000023
0 0.5046236559139785 0.7502187499999999 0.024322580645161296 0.04031249999999993
1 0.5055913978494624 0.36396875 0.02092473118279574 0.028718749999999994
3 0.6076129032258065 0.1538125 0.019999999999999903 0.02999999999999998
7 0.40483870967741936 0.15537499999999999 0.02490322580645158 0.033187500000000016
6 0.6030967741935483 0.44725000000000004 0.02075268817204296 0.03771874999999998
5 0.7266236559139785 0.6651875 0.022838709677419366 0.03921875000000004
5 0.6165806451612903 0.607125 0.02698924731182786 0.03168749999999996
5 0.5652043010752688 0.6056250000000001 0.025956989247311935 0.03771874999999998
5 0.5465161290322581 0.67803125 0.023870967741935534 0.03771874999999998
5 0.4754193548387097 0.6840625 0.022838709677419366 0.03771874999999998
5 0.4972043010752688 0.67425 0.022838709677419366 0.03618749999999995
5 0.4696989247311828 0.63728125 0.025956989247311813 0.03771874999999998
5 0.4935913978494624 0.63503125 0.023870967741935534 0.03618749999999995
5 0.517978494623656 0.6380312499999999 0.02490322580645158 0.033187500000000016
5 0.5190107526881721 0.607125 0.02698924731182798 0.03468750000000007
5 0.5039569892473118 0.59128125 0.025956989247311813 0.018093750000000065
5 0.484752688172043 0.61540625 0.02075268817204296 0.02112499999999997
5 0.37473118279569895 0.81528125 0.02490322580645158 0.040718749999999915
4 0.5044731182795699 0.5701562499999999 0.02490322580645158 0.027156249999999993