7 0.40344086021505376 0.15646875 0.024258064516128972 0.030843750000000014
2 0.5141720430107527 0.15059375 0.021225806451612914 0.030843750000000014
3 0.6567311827956989 0.102125 0.017182795698924752 0.030843750000000014
1 0.5040430107526882 0.36512500000000003 0.021225806451612914 0.033781250000000006
0 0.42215053763440863 0.8353125 0.025268817204301075 0.02496875000000003
4 0.5131612903225806 0.5700937500000001 0.023247311827956994 0.03818750000000008
5 0.3837204301075269 0.60240625 0.027290322580645156 0.03818750000000008
5 0.31294623655913983 0.81325 0.027290322580645156 0.03965625000000017
5 0.431247311827957 0.67 0.025268817204301075 0.04115625000000005
5 0.48434408602150536 0.8044375 0.026279569892473178 0.03965625000000017
5 0.4727096774193548 0.639875 0.021225806451612914 0.03671875
5 0.4803010752688172 0.6560625 0.024258064516128972 0.042624999999999955
5 0.49141935483870963 0.6310625 0.026279569892473178 0.03671875
5 0.6435913978494623 0.5656875 0.023247311827956873 0.032312499999999925
5 0.5773548387096775 0.62225 0.022236559139785016 0.03671875
5 0.5849462365591398 0.783875 0.025268817204301075 0.033781250000000006
5 0.5288172043010753 0.7875625 0.026279569892473178 0.04115625000000005
5 0.687741935483871 0.5616875 0.023526881720430225 0.04078125000000003
5 0.3399354838709677 0.5924375000000001 0.02234408602150535 0.03456250000000001
5 0.4163655913978495 0.6584375 0.023784946236559145 0.03665625000000006
5 0.6369677419354839 0.8124687500000001 0.023784946236559024 0.04084375000000016
6 0.8215483870967741 0.45571875000000006 0.02234408602150535 0.03562499999999993