7 0.4039139784946236 0.15525 0.021139784946236525 0.029625000000000012
2 0.5054623655913978 0.15525 0.020387096774193588 0.029625000000000012
3 0.6051182795698925 0.15578125 0.020387096774193588 0.028531249999999987
1 0.5043225806451612 0.3664375 0.021139784946236525 0.03950000000000005
4 0.5469677419354838 0.42628125 0.023634408602150558 0.03434375000000003
5 0.5749032258064516 0.65425 0.02578494623655916 0.03746875000000003
5 0.5942365591397849 0.60740625 0.02793548387096776 0.03434375000000003
5 0.4760430107526882 0.6605000000000001 0.023634408602150558 0.03746875000000003
5 0.5072043010752688 0.6558125 0.02578494623655916 0.03434375000000003
5 0.5029032258064516 0.619125 0.023634408602150558 0.03590625000000003
5 0.4953763440860215 0.637875 0.021483870967741955 0.026531250000000027
5 0.48303225806451616 0.625375 0.02470967741935486 0.032781250000000026
5 0.46905376344086025 0.6081875 0.02686021505376346 0.03903125000000003
5 0.1724731182795699 0.64178125 0.02686021505376346 0.040593750000000026
5 0.3046451612903226 0.42003124999999997 0.022559139784946256 0.02809375000000003
5 0.49268817204301074 0.5730625 0.029010752688172062 0.03434375000000003
5 0.501505376344086 0.7414375 0.02673118279569894 0.04053125000000009
0 0.3367956989247312 0.79040625 0.027827956989247307 0.036093749999999855
5 0.33778494623655914 0.7304999999999999 0.02582795698924729 0.037531249999999974
5 0.1526021505376344 0.538 0.029354838709677433 0.04121874999999999
6 0.6346021505376344 0.5085 0.026602150537634418 0.04743750000000002