7 0.4039139784946236 0.15525 0.021139784946236525 0.029625000000000012
2 0.5054623655913978 0.15525 0.020387096774193588 0.029625000000000012
3 0.6051182795698925 0.15578125 0.020387096774193588 0.028531249999999987
1 0.5043225806451612 0.3664375 0.021139784946236525 0.03950000000000005
6 0.5518709677419354 0.6878437500000001 0.02058064516129043 0.03778124999999992
4 0.5383440860215054 0.45803125 0.02382795698924728 0.03778124999999992
5 0.7630967741935484 0.53359375 0.02058064516129043 0.03462499999999995
5 0.7717634408602151 0.68625 0.0227526881720431 0.04093750000000007
5 0.6401505376344087 0.65478125 0.0238279569892474 0.03778124999999992
5 0.5740860215053764 0.654 0.021655913978494732 0.03618749999999995
5 0.5946666666666667 0.60596875 0.0238279569892474 0.031468749999999976
5 0.4760430107526882 0.6626562500000001 0.022752688172042977 0.03778124999999992
5 0.49608602150537634 0.63746875 0.02165591397849461 0.031468749999999976
5 0.5069247311827957 0.6524062500000001 0.02165591397849461 0.03618749999999995
5 0.4798494623655914 0.62171875 0.02165591397849461 0.03778124999999992
5 0.5020430107526882 0.61621875 0.02490322580645158 0.03618749999999995
5 0.49283870967741933 0.57528125 0.02382795698924728 0.03618749999999995
5 0.4950107526881721 0.54615625 0.02382795698924728 0.02834374999999998
5 0.17221505376344085 0.64296875 0.026000000000000006 0.04250000000000007
5 0.17926881720430107 0.47534375000000006 0.022752688172043036 0.04093750000000007