3 0.6050967741935483 0.1555 0.02292473118279563 0.03456250000000001
7 0.4047311827956989 0.15646875 0.0191612903225807 0.03181249999999998
1 0.5055698924731182 0.36465625 0.021892473118279583 0.026531250000000027
0 0.503268817204301 0.7485625 0.024645161290322536 0.03846875000000001
5 0.48023655913978497 0.65865625 0.028258064516129004 0.03543749999999992
5 0.5055913978494624 0.6498125 0.022473118279569868 0.034531250000000034
5 0.5383440860215054 0.6358125 0.023763440860215077 0.03265624999999996
5 0.5181075268817203 0.6381249999999999 0.020537634408602175 0.03171874999999993
5 0.4834408602150538 0.6171562500000001 0.017978494623655944 0.019593749999999945
5 0.5046236559139785 0.59521875 0.01668817204301073 0.018656250000000086
5 0.5055913978494624 0.619 0.016043010752688127 0.019593749999999945
4 0.5068817204301075 0.579375 0.022473118279569868 0.02240625000000005
5 0.5280215053763441 0.6560312500000001 0.020881720430107484 0.032874999999999946
5 0.3870967741935484 0.6484687499999999 0.022623655913978455 0.03540624999999995
5 0.4081290322580645 0.617 0.0238924731182796 0.032312499999999925
2 0.513978494623656 0.152 0.01812903225806453 0.028718749999999994
5 0.4564731182795699 0.6367812500000001 0.02462365591397847 0.029625000000000058
6 0.2573333333333333 0.077125 0.018688172043010747 0.028374999999999994