2 0.5055913978494624 0.15284375 0.01860215053763436 0.03209374999999999
1 0.5064086021505376 0.3675 0.021505376344086023 0.033062500000000036
5 0.47258064516129034 0.63496875 0.019182795698924764 0.035843750000000084
5 0.4807956989247312 0.654875 0.02191397849462365 0.04378124999999997
3 0.7108817204301076 0.03378125 0.020666666666666694 0.025531249999999995
7 0.3967741935483871 0.14715625000000002 0.02273118279569891 0.03003125
5 0.49286021505376343 0.6275937500000001 0.02273118279569891 0.03603124999999992
0 0.6390537634408603 0.81678125 0.023763440860214955 0.04503124999999999
5 0.8446881720430107 0.8370625 0.02789247311827963 0.028531249999999987
5 0.7702795698924731 0.55478125 0.02582795698924729 0.037531249999999974
4 0.5049032258064516 0.58521875 0.02645161290322583 0.04193750000000005
5 0.6608817204301075 0.803625 0.022215053763440948 0.03799999999999999
5 0.7778924731182796 0.822625 0.02875268817204302 0.0379999999999999
6 0.4172688172043011 0.51709375 0.029118279569892516 0.04415624999999999