7 0.40376344086021504 0.1536875 0.02109677419354839 0.032343749999999984
2 0.5053763440860215 0.1575625 0.019247311827956966 0.030937500000000017
3 0.6037849462365591 0.15559375 0.020688172043010763 0.03199999999999999
5 0.5486451612903226 0.6764375 0.02238709677419348 0.033624999999999974
1 0.5061290322580645 0.366125 0.022645161290322523 0.034781249999999986
5 0.375247311827957 0.8155625000000001 0.02664516129032255 0.037375000000000116
5 0.4942365591397849 0.63815625 0.023118279569892472 0.03528125000000006
5 0.45438709677419353 0.65184375 0.023870967741935534 0.036374999999999956
5 0.5671612903225807 0.60596875 0.02556989247311825 0.03953124999999993
5 0.5166666666666667 0.63621875 0.023419354838709647 0.03459374999999998
5 0.4726451612903226 0.638625 0.022795698924731232 0.033781250000000006
4 0.5029462365591398 0.565375 0.02490322580645158 0.02243750000000002
6 0.6156344086021505 0.64915625 0.026516129032258154 0.04006249999999998
5 0.48468817204301073 0.61665625 0.022709677419354844 0.01640625
5 0.5065806451612903 0.61746875 0.01969892473118285 0.01693750000000005
5 0.5190967741935484 0.6068749999999999 0.02434408602150536 0.030843750000000014
5 0.4955698924731183 0.60265625 0.02258064516129032 0.018031249999999943
5 0.5040645161290322 0.5893125 0.022215053763440826 0.01765624999999993