1 0.5055268817204301 0.36593749999999997 0.021827956989247263 0.034499999999999975
3 0.6052043010752689 0.1565625 0.023225806451612804 0.031937499999999994
2 0.5055483870967742 0.15484375 0.022559139784946256 0.03340624999999999
7 0.4039354838709678 0.15362499999999998 0.021333333333333367 0.032906250000000005
6 0.7626666666666666 0.2205625 0.0249677419354839 0.04240624999999998
0 0.5038709677419355 0.75028125 0.026903225806451592 0.04146874999999994
4 0.5054838709677419 0.5774375 0.02462365591397847 0.022218750000000044
5 0.3818064516129032 0.591375 0.027290322580645156 0.03849999999999998
5 0.48354838709677417 0.6625625 0.02524731182795701 0.03403124999999996
5 0.5617849462365592 0.6603125000000001 0.025677419354838766 0.039437500000000014
5 0.5059139784946236 0.6495625 0.024387096774193495 0.03156250000000007
5 0.5288602150537635 0.65184375 0.023032258064516083 0.034531250000000034
5 0.47223655913978496 0.63546875 0.028967741935483928 0.031312499999999945
5 0.4969677419354839 0.63228125 0.022709677419354844 0.024937500000000057
5 0.5199139784946236 0.6368125 0.020000000000000025 0.029593750000000085
5 0.540258064516129 0.634375 0.0191612903225807 0.02765625000000007
5 0.4840215053763441 0.61475 0.02286021505376343 0.013937499999999936
5 0.5078494623655914 0.615625 0.023870967741935534 0.013343749999999942
5 0.52952688172043 0.6148125 0.025075268817204354 0.013218750000000057
5 0.49374193548387096 0.60390625 0.02408602150537632 0.012625000000000063
5 0.5161935483870967 0.60253125 0.022150537634408628 0.012468750000000028
5 0.5052043010752688 0.590875 0.026301075268817243 0.012156249999999957