7 0.40447311827956994 0.15621875000000002 0.023247311827956994 0.028718749999999994
2 0.5055913978494624 0.15284375 0.01860215053763436 0.03209374999999999
3 0.6543440860215053 0.10471875 0.023247311827956873 0.033781250000000006
4 0.5160430107526882 0.58015625 0.02556989247311825 0.038843750000000024
5 0.4927956989247312 0.63334375 0.02092473118279574 0.03715624999999996
5 0.4712903225806452 0.6409374999999999 0.022086021505376304 0.038843750000000024
5 0.48118279569892475 0.657 0.023247311827956994 0.030406250000000058
1 0.5038494623655914 0.36565625 0.024408602150537684 0.03209375000000003
5 0.18666666666666665 0.54890625 0.022709677419354844 0.04215625000000003
5 0.5802150537634408 0.13859375000000002 0.023849462365591465 0.03174999999999999
5 0.5776559139784947 0.62159375 0.024043010752688065 0.03903125000000003
5 0.3114623655913979 0.8165625000000001 0.024924731182795645 0.0362187500000001
0 0.4209462365591398 0.8327500000000001 0.026236559139784923 0.03049999999999997
5 0.5839139784946236 0.78459375 0.026408602150537575 0.038374999999999916
5 0.6650107526881721 0.65578125 0.025139784946236678 0.04384374999999992
5 0.6423870967741935 0.565375 0.022623655913978455 0.031062499999999993
5 0.6635268817204302 0.8070937499999999 0.027204301075268767 0.03359375
5 0.7852258064516129 0.83771875 0.031268817204301 0.02765625000000007
6 0.4285806451612903 0.08525 0.023462365591397902 0.03409374999999999
5 0.49655913978494626 0.3215 0.022623655913978455 0.02921874999999998