3 0.603720430107527 0.15509375 0.02118279569892478 0.03315625
7 0.40288172043010756 0.1545 0.02036559139784952 0.029593749999999995
2 0.5377204301075269 0.09718750000000001 0.0177849462365591 0.028093749999999983
5 0.5663225806451613 0.25559375 0.020881720430107605 0.03259375000000002
1 0.5050967741935484 0.36459375 0.021290322580645112 0.029750000000000033
5 0.8554193548387097 0.657 0.02556989247311825 0.033781250000000006
5 0.6584301075268818 0.55675 0.02064516129032263 0.036812499999999915
5 0.42311827956989245 0.5816250000000001 0.01821505376344092 0.024093749999999935
5 0.15963440860215056 0.6021875 0.028580645161290306 0.036781249999999946
5 0.5976129032258064 0.560125 0.02531182795698921 0.036781249999999946
6 0.8353333333333334 0.7041875 0.02890322580645173 0.041999999999999996