7 0.4039139784946236 0.15525 0.021139784946236525 0.029625000000000012
2 0.5054623655913978 0.15525 0.020387096774193588 0.029625000000000012
3 0.6051182795698925 0.15578125 0.020387096774193588 0.028531249999999987
4 0.5469677419354838 0.42628125 0.023634408602150495 0.03434375000000003
5 0.3046451612903226 0.42003124999999997 0.022559139784946256 0.02809375000000003
5 0.4096774193548387 0.65015625 0.022967741935483885 0.03815624999999993
5 0.4649032258064516 0.631875 0.024064516129032255 0.03337500000000002
5 0.4681935483870968 0.60721875 0.024064516129032255 0.03178125000000005
5 0.49881720430107523 0.61278125 0.021870967741935518 0.03337500000000002
5 0.1524516129032258 0.5396875 0.023827956989247338 0.03981250000000003
5 0.17643010752688174 0.6423125 0.02417204301075271 0.039000000000000055
1 0.7187956989247312 0.04871875 0.018881720430107468 0.033656250000000006
5 0.5080645161290323 0.64121875 0.024279569892473162 0.04412500000000001
5 0.5190537634408603 0.77440625 0.024537634408602203 0.03874999999999993
6 0.7358709677419355 0.58921875 0.023032258064516208 0.04018750000000004
5 0.3518709677419355 0.7178125 0.024215053763440842 0.03387499999999992
5 0.33888172043010756 0.73475 0.026903225806451592 0.03909374999999997
5 0.3523225806451613 0.8115937499999999 0.025096774193548423 0.03646874999999996
0 0.3343870967741936 0.79271875 0.025096774193548423 0.03518750000000006