3 0.6066236559139785 0.15721875000000002 0.022645161290322523 0.032906250000000005
2 0.507010752688172 0.15609375 0.020322580645161265 0.030656250000000006
7 0.4038924731182796 0.15553125 0.023440860215053715 0.031781250000000004
1 0.7179569892473119 0.048812499999999995 0.01875268817204307 0.03406250000000001
5 0.5191182795698924 0.775375 0.024215053763440842 0.03631250000000001
5 0.4093763440860215 0.651625 0.023440860215053715 0.03859375000000007
5 0.3761720430107527 0.6879375 0.02578494623655916 0.04087499999999995
5 0.17498924731182797 0.6436875 0.020322580645161265 0.03631250000000001
5 0.15195698924731182 0.53640625 0.02578494623655916 0.03746875000000003
5 0.4981290322580645 0.6116875 0.024494623655913948 0.03915624999999991
5 0.507505376344086 0.64196875 0.02204301075268817 0.04271875000000005
5 0.4691397849462366 0.61109375 0.02204301075268817 0.04034375000000008
5 0.4626021505376344 0.6295 0.020408602150537653 0.03203125
0 0.5029032258064516 0.74703125 0.02234408602150535 0.03571875000000002
4 0.5065806451612903 0.5859687499999999 0.022967741935483885 0.040031250000000004
6 0.5327096774193548 0.29353125 0.02537634408602153 0.034781249999999986