3 0.251247311827957 0.07246875 0.021225806451612914 0.0296875
7 0.40507526881720435 0.1548125 0.021634408602150542 0.03631250000000001
2 0.505225806451613 0.15496875000000002 0.020709677419354828 0.03465625000000001
1 0.502731182795699 0.36653125000000003 0.023870967741935534 0.03703124999999998
6 0.32526881720430106 0.7173437500000001 0.027311827956989224 0.04296875
0 0.5040860215053764 0.75046875 0.023870967741935534 0.042343750000000034
4 0.5062365591397849 0.5749375 0.0213763440860215 0.02315625000000008
5 0.534 0.8039999999999999 0.026580645161290353 0.044656249999999974
5 0.534 0.653 0.023870967741935534 0.03703125000000007
5 0.471247311827957 0.63965625 0.020709677419354828 0.03603124999999992
5 0.4932043010752688 0.6376875 0.02116129032258059 0.03603124999999992
5 0.5165591397849462 0.6386875 0.021612903225806477 0.038000000000000075
5 0.5461075268817204 0.63784375 0.023182795698924674 0.03965624999999999
5 0.4833548387096774 0.6128125 0.021849462365591453 0.01593750000000007
5 0.5063655913978495 0.61396875 0.025698924731182772 0.016249999999999966
5 0.4956989247311828 0.6008125 0.026150537634408656 0.017562500000000016
5 0.5174623655913979 0.60509375 0.022516129032258123 0.023499999999999945
5 0.5048817204301076 0.5895937499999999 0.024107526881720385 0.014937499999999914