7 0.40458064516129033 0.156 0.02090322580645167 0.03271875
2 0.5062150537634408 0.15796875 0.02092473118279574 0.031937499999999994
3 0.6045376344086022 0.157625 0.021569892473118222 0.03328125000000002
1 0.5060215053763442 0.36625 0.024129032258064575 0.038124999999999964
5 0.37316129032258066 0.8164999999999999 0.028516129032258045 0.04265624999999993
0 0.5036344086021506 0.7540625000000001 0.02847311827956991 0.04859375000000003
6 0.4445806451612903 0.61940625 0.023247311827956994 0.04093750000000007
5 0.50352688172043 0.58803125 0.023440860215053715 0.018624999999999937
5 0.5655913978494623 0.60625 0.024494623655913948 0.03831249999999997
5 0.5170967741935484 0.637875 0.023913978494623667 0.037843750000000044
5 0.4944731182795699 0.60265625 0.02348387096774197 0.017125000000000057
5 0.47279569892473117 0.63775 0.025182795698924686 0.03656249999999996
5 0.48303225806451616 0.61571875 0.026172043010752724 0.019906250000000014
5 0.5196774193548387 0.6069375 0.02268817204301078 0.02624999999999993
5 0.5053333333333333 0.61584375 0.025397849462365597 0.017031249999999963
4 0.504774193548387 0.5676875 0.02524731182795701 0.017468749999999922
5 0.4943225806451613 0.63528125 0.024645161290322536 0.03175000000000008