3 0.6071397849462365 0.15603125 0.02204301075268817 0.03678124999999999
2 0.5056344086021506 0.1566875 0.020860215053763415 0.025562500000000023
7 0.4039784946236559 0.15528124999999998 0.022150537634408628 0.032187499999999994
6 0.5144516129032258 0.6056874999999999 0.028258064516129004 0.03862500000000004
1 0.5061075268817204 0.36609375 0.020731182795698896 0.037968750000000016
4 0.4741075268817204 0.68240625 0.02883870967741941 0.04453125
5 0.4218279569892473 0.63459375 0.021634408602150542 0.037968749999999926
5 0.41462365591397854 0.60053125 0.02524731182795701 0.037968749999999926
5 0.4736559139784946 0.60840625 0.02253763440860219 0.035374999999999976
5 0.47817204301075267 0.58021875 0.02253763440860219 0.03143750000000001
5 0.5083655913978494 0.56190625 0.02524731182795701 0.034062499999999926
5 0.5281935483870968 0.580875 0.021634408602150542 0.035374999999999976
5 0.49393548387096775 0.64178125 0.021634408602150542 0.039281249999999976
5 0.5173763440860215 0.6391875 0.02883870967741941 0.036687500000000026