7 0.4039139784946236 0.15525 0.021139784946236525 0.029625000000000012
2 0.5054623655913978 0.15525 0.020387096774193588 0.029625000000000012
3 0.6051182795698925 0.15578125 0.020387096774193588 0.028531249999999987
1 0.5043225806451612 0.3664375 0.021139784946236525 0.03950000000000005
5 0.47458064516129034 0.6628437500000001 0.025096774193548423 0.03534375000000001
6 0.2167956989247312 0.72384375 0.028580645161290306 0.04509375000000002
0 0.5042365591397849 0.74815625 0.02367741935483869 0.03915624999999991
4 0.5043010752688172 0.5783125 0.0238924731182796 0.02575000000000003
5 0.5266451612903226 0.6790625 0.02234408602150535 0.03693749999999998
5 0.5066236559139785 0.6527499999999999 0.01926881720430103 0.03359375
5 0.5293548387096775 0.6488437499999999 0.023118279569892472 0.032468749999999956
5 0.47118279569892474 0.63821875 0.02234408602150535 0.03134374999999991
5 0.5393763440860215 0.63765625 0.024666666666666726 0.03021875000000005
5 0.4950537634408602 0.63878125 0.02234408602150535 0.03471875000000004
5 0.483505376344086 0.618625 0.020795698924731217 0.02575000000000003
5 0.5274193548387097 0.62196875 0.0238924731182796 0.03021875000000005
5 0.5058494623655914 0.6214062499999999 0.020795698924731217 0.029124999999999977
5 0.4942795698924731 0.60684375 0.020795698924731217 0.026875000000000072
5 0.516258064516129 0.6051875 0.024666666666666726 0.023499999999999945