3 0.6071397849462365 0.15603125 0.02204301075268817 0.03678124999999999
2 0.5056344086021506 0.1566875 0.020860215053763415 0.025562500000000023
0 0.5046236559139785 0.7502187499999999 0.024322580645161296 0.04031249999999993
1 0.5055913978494624 0.36396875 0.02092473118279574 0.028718749999999994
7 0.4041505376344086 0.15403125 0.020881720430107484 0.03490625000000001
5 0.505505376344086 0.5478125 0.022709677419354844 0.03506250000000009
5 0.5303440860215054 0.5695 0.021290322580645112 0.02887500000000003
5 0.5175698924731182 0.63603125 0.019870967741935502 0.03196875000000006
5 0.49378494623655916 0.63603125 0.023419354838709647 0.03403124999999996
5 0.44941935483870965 0.59528125 0.024129032258064575 0.03921875000000004
5 0.4171182795698925 0.63396875 0.02058064516129031 0.036093750000000036
5 0.3883655913978495 0.58753125 0.022709677419354844 0.03403124999999996
6 0.7777634408602151 0.5648125 0.02361290322580649 0.03903125000000003