7 0.3250752688172043 0.11765624999999999 0.019096774193548376 0.03256250000000001
2 0.5048387096774194 0.15625 0.0199354838709677 0.030156250000000016
3 0.575010752688172 0.12125 0.017440860215053793 0.03256250000000001
1 0.5073333333333333 0.36559375 0.0199354838709677 0.03137499999999997
4 0.8419569892473118 0.5707187499999999 0.028236559139784935 0.03618749999999995
0 0.504021505376344 0.7480625 0.026580645161290353 0.033781250000000006
5 0.4632043010752688 0.49143749999999997 0.023698924731182756 0.03715624999999996
5 0.3812258064516129 0.56709375 0.023075268817204342 0.03443749999999994
5 0.642731182795699 0.5299375000000001 0.024946236559139835 0.03443749999999994
5 0.6115698924731182 0.5779687499999999 0.022451612903225924 0.03443749999999994
5 0.49374193548387096 0.6046875 0.022451612903225802 0.033531250000000054
5 0.48720430107526885 0.62778125 0.024322580645161296 0.027187499999999965
5 0.4896989247311828 0.64815625 0.02058064516129031 0.03171874999999993
5 0.5018494623655915 0.663125 0.021204301075268845 0.03443749999999994
5 0.5211827956989247 0.6327812500000001 0.024946236559139835 0.02446874999999995
5 0.5252258064516129 0.6576875 0.021827956989247263 0.03806250000000002
5 0.4667741935483871 0.6760625 0.022451612903225802 0.03703125000000007
5 0.43612903225806454 0.6782812500000001 0.026688172043010806 0.03790624999999999
5 0.8131182795698926 0.60465625 0.023655913978494623 0.04053125000000009
5 0.8582795698924731 0.62428125 0.02556989247311825 0.036250000000000074
5 0.36346236559139783 0.1639375 0.020688172043010763 0.03296874999999999
6 0.7843225806451612 0.10040625 0.02002150537634397 0.033937499999999995