7 0.40344086021505376 0.15646875 0.024258064516128972 0.030843750000000014
1 0.5040430107526882 0.36512500000000003 0.021225806451612914 0.033781250000000006
2 0.5057849462365591 0.15625 0.02191397849462365 0.03337500000000002
6 0.4599569892473118 0.12356249999999999 0.023182795698924674 0.03243749999999999
3 0.6051182795698925 0.15540625 0.02146236559139789 0.028718749999999994
4 0.5041935483870967 0.585375 0.024043010752688186 0.034937500000000024
0 0.5037634408602151 0.751375 0.023182795698924674 0.03993749999999992
5 0.36546236559139783 0.67959375 0.028344086021505392 0.038687499999999986
5 0.14258064516129032 0.5940937500000001 0.02748387096774194 0.037437500000000054
5 0.3890967741935484 0.591 0.025763440860215092 0.031187500000000055
5 0.4487956989247312 0.59596875 0.026623655913978486 0.038687499999999986
5 0.5059139784946236 0.5485625 0.027483870967741877 0.04118750000000002
5 0.531247311827957 0.57165625 0.01976344086021505 0.037437500000000054