7 0.3950537634408602 0.14540625000000001 0.022516129032258123 0.031062499999999993
3 0.7136559139784947 0.03603125 0.024064516129032376 0.029874999999999995
6 0.6070107526881721 0.48646874999999995 0.02787096774193556 0.04384374999999992
5 0.660279569892473 0.806625 0.02578494623655916 0.04153124999999989
5 0.48354838709677417 0.43353125 0.024817204301075313 0.037437500000000054
2 0.504731182795699 0.1556875 0.02191397849462365 0.03559375
5 0.48017204301075267 0.6562187500000001 0.020451612903225787 0.030874999999999986
5 0.5468817204301075 0.78671875 0.027634408602150586 0.04159374999999983
4 0.5053978494623655 0.58575 0.024924731182795645 0.04018750000000004
5 0.7678924731182796 0.55515625 0.023784946236559024 0.03987499999999997
5 0.6363010752688172 0.56396875 0.02625806451612911 0.04453125
5 0.4931182795698925 0.63446875 0.02200000000000004 0.03849999999999998
5 0.47144086021505377 0.6371875 0.020193548387096746 0.031625000000000014
1 0.4733763440860215 0.5009375 0.024537634408602203 0.03846875000000001
5 0.784989247311828 0.8364375000000001 0.0250322580645161 0.031218750000000028
0 0.6216129032258064 0.8359062500000001 0.027419354838709678 0.035375000000000156
5 0.4850752688172043 0.733 0.026408602150537575 0.04343749999999993