7 0.40458064516129033 0.154125 0.021225806451612914 0.034125
2 0.5050752688172043 0.1569375 0.017698924731182834 0.029625000000000012
3 0.604236559139785 0.1568125 0.018451612903225896 0.031031249999999976
6 0.4629677419354839 0.35625 0.02294623655913982 0.03646874999999996
1 0.5060430107526882 0.36696875 0.019634408602150526 0.034218749999999964
0 0.5042150537634409 0.7485 0.024107526881720385 0.0390625
5 0.3895698924731183 0.78340625 0.02490322580645158 0.03793749999999996
5 0.8402365591397849 0.6596875 0.022881720430107496 0.03534375000000001
5 0.4762365591397849 0.6854375 0.021225806451612914 0.03340624999999999
5 0.546752688172043 0.67809375 0.021225806451612914 0.03340624999999999
5 0.5659139784946237 0.6054999999999999 0.02313978494623654 0.03337500000000002
5 0.6156774193548388 0.61140625 0.020408602150537653 0.03506250000000009
5 0.47236559139784945 0.638 0.02200000000000004 0.03253125000000008
5 0.4938709677419355 0.6384375 0.023161290322580606 0.03506250000000009
5 0.5170967741935484 0.6384375 0.023161290322580606 0.038437500000000034
5 0.5031612903225806 0.5897187500000001 0.02083870967741935 0.018718750000000027
5 0.5189462365591397 0.60434375 0.021010752688172003 0.017593749999999984
5 0.48640860215053766 0.6139375 0.016387096774193557 0.013093749999999993
5 0.508 0.6144999999999999 0.021225806451612914 0.010843750000000086
5 0.49918279569892476 0.6018125000000001 0.02103225806451607 0.009156250000000022
4 0.5051612903225806 0.5700937500000001 0.02322580645161293 0.021812500000000058