7 0.40516129032258064 0.15553125 0.02234408602150535 0.03300000000000001
3 0.6051612903225806 0.15659375 0.01800000000000001 0.03003125
1 0.5049677419354839 0.36640625 0.023526881720430104 0.03731249999999999
5 0.49666666666666665 0.6756249999999999 0.025268817204301075 0.039406250000000045
5 0.49490322580645163 0.6351875 0.025010752688172034 0.03184374999999999
4 0.5030967741935484 0.57021875 0.023935483870967732 0.025093749999999915
0 0.5036129032258064 0.74825 0.025139784946236553 0.04328125000000007
6 0.2909032258064516 0.6876249999999999 0.03017204301075263 0.04328125000000007
5 0.6165806451612903 0.60865625 0.024301075268817106 0.03759374999999991
5 0.4709032258064516 0.637375 0.023935483870967732 0.03762500000000006
5 0.4752688172043011 0.682125 0.02516129032258062 0.03987499999999997
5 0.3728817204301075 0.8166249999999999 0.029333333333333305 0.04250000000000007
5 0.5180860215053763 0.63625 0.023698924731182756 0.03259375000000002
5 0.5654623655913978 0.60109375 0.02761290322580652 0.03559374999999996
5 0.48277419354838713 0.6169687500000001 0.021204301075268845 0.017906250000000058
5 0.5035483870967742 0.61559375 0.02402150537634412 0.016000000000000014
5 0.4944731182795699 0.6035 0.02443010752688175 0.014000000000000058
5 0.5175698924731182 0.60659375 0.027849462365591375 0.020343749999999973
5 0.502774193548387 0.58646875 0.02681720430107533 0.015468749999999965
5 0.5465161290322581 0.6765 0.02464516129032266 0.03390625000000007
2 0.505978494623656 0.15728124999999998 0.018924731182795723 0.027718750000000014