3 0.6050967741935483 0.1555 0.02292473118279563 0.03456250000000001
7 0.4047311827956989 0.15646875 0.0191612903225807 0.03181249999999998
1 0.5055698924731182 0.36465625 0.021892473118279583 0.026531250000000027
2 0.5048817204301076 0.15615625 0.01623655913978497 0.029156249999999995
6 0.46522580645161293 0.49003125000000003 0.028666666666666632 0.03887499999999999
5 0.14395698924731182 0.59296875 0.02184946236559139 0.03462499999999995
5 0.3658494623655914 0.6780625 0.02681720430107533 0.03462499999999995
5 0.38868817204301076 0.5886250000000001 0.022838709677419366 0.03175000000000008
5 0.451741935483871 0.59728125 0.019849462365591437 0.03175000000000008
5 0.5063440860215054 0.5475 0.021849462365591453 0.033187500000000016
5 0.5316559139784947 0.5713125 0.022838709677419366 0.03462499999999995
4 0.5053548387096775 0.5835625 0.021849462365591453 0.030312499999999964
0 0.5033763440860215 0.74803125 0.025806451612903226 0.033187500000000016