7 0.4039354838709678 0.1545625 0.020795698924731217 0.031062499999999993
2 0.5138494623655914 0.15040625000000002 0.018064516129032208 0.02828124999999999
3 0.6553548387096775 0.10609375000000001 0.024064516129032376 0.029875000000000006
1 0.5043010752688172 0.363625 0.023784946236559145 0.039718750000000025
6 0.8569032258064516 0.53203125 0.02821505376344087 0.04368750000000006
4 0.514494623655914 0.57121875 0.02124731182795698 0.03434375000000003
0 0.42255913978494625 0.836375 0.02556989247311825 0.02887500000000003
5 0.3130322580645161 0.81496875 0.026236559139784923 0.04018750000000004
5 0.48600000000000004 0.8053750000000001 0.02348387096774197 0.03903125000000003
5 0.5288817204301075 0.7863749999999999 0.024258064516128972 0.03993749999999992
5 0.5843655913978495 0.7843124999999999 0.025354838709677342 0.041343750000000054
5 0.5439569892473118 0.45481249999999995 0.022301075268817215 0.04278124999999999
5 0.3855913978494624 0.60784375 0.024129032258064575 0.03781250000000007
5 0.43277419354838714 0.67125 0.022645161290322523 0.03650000000000002
5 0.48017204301075267 0.6562187500000001 0.020451612903225787 0.030874999999999986
5 0.48591397849462364 0.5760625 0.020451612903225787 0.030124999999999957
5 0.523247311827957 0.5900624999999999 0.023462365591397902 0.034531250000000034
5 0.7376559139784946 0.58003125 0.023698924731182756 0.03728125000000002
5 0.5759354838709677 0.62396875 0.023784946236559024 0.03987499999999997
5 0.642752688172043 0.567875 0.02625806451612911 0.04453125
5 0.4931182795698925 0.63446875 0.02200000000000004 0.03849999999999998
5 0.47144086021505377 0.6371875 0.020193548387096746 0.031625000000000014