7 0.4039139784946236 0.15525 0.021139784946236525 0.029625000000000012
2 0.5054623655913978 0.15525 0.020387096774193588 0.029625000000000012
3 0.6051182795698925 0.15578125 0.020387096774193588 0.028531249999999987
1 0.5043225806451612 0.3664375 0.021139784946236525 0.03950000000000005
6 0.333741935483871 0.61259375 0.024795698924731123 0.042031249999999964
4 0.505247311827957 0.57128125 0.02273118279569891 0.028531249999999987
5 0.373010752688172 0.8130312500000001 0.02686021505376346 0.037531249999999974
5 0.5651827956989247 0.60659375 0.022731182795699034 0.042031249999999964
5 0.4551397849462365 0.649375 0.02169892473118274 0.037531249999999974
5 0.5181720430107527 0.63584375 0.02582795698924729 0.037531249999999974
5 0.49440860215053767 0.63584375 0.02169892473118274 0.03153124999999992
5 0.4706451612903226 0.6381249999999999 0.02582795698924729 0.03603124999999992
5 0.4846021505376344 0.62009375 0.020666666666666694 0.024031249999999994
5 0.5073333333333333 0.62159375 0.02686021505376346 0.021031250000000057
5 0.49389247311827955 0.60584375 0.024795698924731123 0.02553125000000005
5 0.5176559139784946 0.60809375 0.024795698924731123 0.030031250000000044