7 0.4038709677419355 0.1555 0.020172043010752677 0.030906250000000003
6 0.5634193548387098 0.7200624999999999 0.024387096774193616 0.03337500000000002
2 0.5057419354838709 0.15815625 0.020150537634408612 0.030874999999999986
3 0.6050752688172043 0.15859375 0.0238924731182796 0.03296874999999999
5 0.3767956989247312 0.815625 0.0238924731182796 0.036781249999999946
1 0.5056559139784946 0.36546875 0.022967741935483885 0.035781249999999966
5 0.5646451612903226 0.6085625 0.026688172043010685 0.03996875000000007
0 0.5037204301075269 0.74871875 0.02692473118279566 0.03962500000000002
5 0.5484301075268817 0.67621875 0.022967741935483885 0.03371875000000006
5 0.49440860215053767 0.6367812500000001 0.020387096774193588 0.03303124999999998
5 0.5169892473118279 0.6384375 0.024752688172042993 0.037687500000000006
5 0.4711397849462366 0.6401875 0.020150537634408612 0.032343750000000074
5 0.4908602150537634 0.6091875 0.020860215053763415 0.022749999999999916
5 0.5244946236559139 0.6080625000000001 0.021075268817204326 0.02993749999999995
5 0.45578494623655913 0.6527499999999999 0.02787096774193544 0.03715624999999996
5 0.4832043010752688 0.62315625 0.022279569892473147 0.027187499999999965
5 0.5041290322580645 0.59246875 0.018494623655914026 0.025500000000000078
4 0.508 0.57278125 0.02204301075268817 0.016906250000000077