3 0.6071397849462365 0.15603125 0.02204301075268817 0.03678124999999999
2 0.5056344086021506 0.1566875 0.020860215053763415 0.025562500000000023
7 0.4039784946236559 0.15528124999999998 0.022150537634408628 0.032187499999999994
0 0.5046236559139785 0.7502187499999999 0.024322580645161296 0.04031249999999993
1 0.5055913978494624 0.36396875 0.02092473118279574 0.028718749999999994
5 0.4826021505376344 0.6609375 0.024494623655913948 0.033218749999999984
5 0.5062795698924731 0.6490625 0.02286021505376343 0.033218749999999984
5 0.4732043010752688 0.63721875 0.02531182795698921 0.037968749999999926
5 0.49445161290322576 0.6378125 0.01713978494623662 0.02965625000000003
5 0.5173118279569893 0.63603125 0.026946236559139726 0.028468750000000043
5 0.5397634408602151 0.6354375 0.024494623655913948 0.02965625000000003
5 0.4842365591397849 0.61584375 0.024494623655913948 0.02134374999999995
5 0.5058709677419354 0.6170312499999999 0.02204301075268817 0.02371874999999992
5 0.5283225806451612 0.6164375 0.024494623655913948 0.022531249999999937
5 0.4956774193548387 0.603375 0.02286021505376343 0.020187499999999935
5 0.5156774193548387 0.6027812499999999 0.020408602150537653 0.02371874999999992
4 0.5070967741935484 0.58025 0.024494623655913948 0.026093750000000072
5 0.5404086021505375 0.65565625 0.029268817204301106 0.032906249999999915
5 0.7179354838709677 0.651 0.02286021505376343 0.040124999999999925
5 0.4013333333333333 0.6918124999999999 0.0276129032258064 0.04149999999999991
6 0.4779784946236559 0.46765625 0.026666666666666616 0.030437500000000027