7 0.3950537634408602 0.14540625000000001 0.022516129032258123 0.031062499999999993
3 0.6760215053763441 0.04775 0.024064516129032376 0.029874999999999995
6 0.7159139784946236 0.040031250000000004 0.0238924731182796 0.032375
4 0.5160645161290323 0.57503125 0.024387096774193495 0.04193750000000005
5 0.660279569892473 0.806625 0.02578494623655916 0.04153124999999998
5 0.7587956989247311 0.6963125 0.025397849462365472 0.03993749999999992
5 0.5843655913978495 0.7843124999999999 0.025354838709677342 0.04134374999999997
2 0.504731182795699 0.1556875 0.02191397849462365 0.03559375
5 0.614494623655914 0.7794375 0.02664516129032255 0.04818750000000005
5 0.48017204301075267 0.6562187500000001 0.020451612903225787 0.030874999999999986
5 0.18666666666666665 0.54915625 0.02726881720430109 0.042312500000000065
5 0.4352258064516129 0.3914375 0.023311827956989193 0.03628124999999995
5 0.5759354838709677 0.62396875 0.023784946236559024 0.03987499999999997
5 0.642752688172043 0.567875 0.02625806451612911 0.04453125
5 0.4931182795698925 0.63446875 0.02200000000000004 0.03849999999999998
5 0.47144086021505377 0.6371875 0.020193548387096746 0.031625000000000014
1 0.5175268817204302 0.49178125 0.024537634408602203 0.03846875000000001
5 0.784989247311828 0.8364375000000001 0.0250322580645161 0.031218750000000028
0 0.42318279569892475 0.83434375 0.027419354838709678 0.035375000000000156
5 0.3138064516129032 0.8139375 0.02372043010752682 0.03953124999999993