7 0.4055268817204301 0.15465625 0.020817204301075285 0.03171875000000002
2 0.5055483870967742 0.1559375 0.02021505376344081 0.03171875000000002
1 0.5045591397849463 0.36603125 0.023440860215053715 0.03309375000000001
5 0.1784301075268817 0.5925 0.026408602150537638 0.04243749999999995
5 0.3895698924731183 0.58796875 0.02565591397849464 0.03787500000000001
5 0.44909677419354843 0.598625 0.020795698924731217 0.03540624999999995
5 0.5218064516129032 0.6908125 0.024322580645161296 0.037968749999999926
5 0.5314408602150538 0.56978125 0.023569892473118234 0.04146874999999994
0 0.5033118279569893 0.75084375 0.02733333333333329 0.0421875
5 0.36541935483870963 0.67740625 0.024322580645161296 0.03403124999999996
5 0.5053333333333333 0.5475625 0.02436559139784943 0.03484374999999993
4 0.5037634408602151 0.58871875 0.024301075268817227 0.03990624999999994
6 0.7185376344086022 0.45196875 0.025268817204301075 0.03846875000000001
3 0.6052903225806451 0.15690625 0.01838709677419345 0.026187499999999985