6 0.5447956989247312 0.61475 0.03174193548387095 0.044593749999999946
7 0.404 0.15415625 0.019720430107526915 0.03459374999999998
2 0.5065376344086021 0.15490625 0.019182795698924764 0.030093749999999985
3 0.6050967741935483 0.15615625 0.023118279569892472 0.03259375000000002
1 0.5061935483870967 0.36665625 0.02055913978494624 0.03018749999999999
0 0.5043010752688172 0.7493125 0.0261075268817204 0.036843750000000064
5 0.1457204301075269 0.593125 0.02279569892473117 0.03306249999999995
5 0.3656344086021506 0.67740625 0.02380645161290321 0.03431250000000006
5 0.3899354838709677 0.59003125 0.023784946236559145 0.038000000000000075
5 0.45025806451612904 0.59653125 0.024215053763440842 0.03615624999999998
5 0.5046236559139785 0.54928125 0.02036559139784952 0.03271875000000009
5 0.5313763440860215 0.57175 0.023978494623655866 0.03862500000000004
5 0.7270752688172043 0.68796875 0.03163440860215062 0.05412499999999998
4 0.5061290322580645 0.5869375 0.023333333333333383 0.035531250000000014