6 0.22879569892473117 0.77525 0.02726881720430109 0.04337499999999998
0 0.5056344086021506 0.74934375 0.024731182795698924 0.03859375000000007
5 0.8546451612903226 0.6573125 0.024322580645161174 0.040437499999999994
7 0.40376344086021504 0.1536875 0.02109677419354839 0.032343749999999984
2 0.5393333333333333 0.096125 0.019247311827956966 0.030937499999999996
3 0.6037849462365591 0.15559375 0.020688172043010763 0.03199999999999999
5 0.566258064516129 0.25375000000000003 0.02238709677419348 0.033624999999999974
1 0.5041075268817204 0.36428125 0.022645161290322523 0.034781249999999986
5 0.4948172043010753 0.643875 0.022881720430107496 0.034093750000000075
5 0.519505376344086 0.6386875 0.023118279569892472 0.03528125000000006
5 0.4794193548387097 0.62090625 0.02075268817204296 0.031625000000000014
5 0.5014838709677419 0.62003125 0.021892473118279583 0.027968749999999966
5 0.5203655913978494 0.6081562500000001 0.023118279569892472 0.02921875000000007
5 0.5054408602150537 0.59021875 0.02462365591397847 0.02712500000000002
5 0.4738924731182796 0.59809375 0.022623655913978455 0.029749999999999943
4 0.5077204301075269 0.5675625 0.02490322580645158 0.02243750000000002