7 0.4039139784946236 0.15525 0.021139784946236525 0.029625000000000012
2 0.5054623655913978 0.15525 0.020387096774193588 0.029625000000000012
3 0.6051182795698925 0.15578125 0.020387096774193588 0.028531249999999987
1 0.5043225806451612 0.3664375 0.021139784946236525 0.03950000000000005
5 0.5079139784946237 0.6554375 0.02118279569892478 0.034187499999999996
5 0.4965376344086021 0.63890625 0.021956989247311785 0.03762500000000006
5 0.47458064516129034 0.6628437500000001 0.025096774193548423 0.03534375000000001
5 0.5020430107526882 0.61496875 0.020387096774193588 0.030781250000000072
5 0.4800645161290322 0.6229375 0.023526881720430104 0.03306249999999995
5 0.4934193548387097 0.5750625 0.021956989247311785 0.030781250000000072
5 0.4953763440860215 0.5433125000000001 0.022752688172042977 0.029625000000000058
5 0.5940430107526882 0.6084375 0.022946236559139698 0.04046874999999996
5 0.807505376344086 0.5125625 0.022129032258064438 0.03690625000000001
5 0.14380645161290323 0.64175 0.025397849462365597 0.038093749999999996
5 0.2323010752688172 0.45125000000000004 0.023763440860215077 0.04287500000000009
6 0.5461075268817204 0.6834374999999999 0.017204301075268817 0.03334375000000005
4 0.5448817204301075 0.43696875 0.022946236559139757 0.03571875000000002