2 0.5064516129032258 0.15390625 0.019247311827956966 0.030937500000000017
3 0.6037849462365591 0.15559375 0.020688172043010763 0.03199999999999999
1 0.5041075268817204 0.36428125 0.022645161290322523 0.034781249999999986
5 0.3728172043010753 0.81628125 0.025075268817204354 0.041874999999999926
5 0.45404301075268816 0.64928125 0.026301075268817243 0.03465624999999992
5 0.4713763440860215 0.63834375 0.02354838709677417 0.034781249999999986
4 0.5046881720430108 0.566875 0.02490322580645158 0.02243750000000002
5 0.5178064516129032 0.63728125 0.025634408602150573 0.03196875000000006
5 0.5665591397849462 0.6060625 0.022645161290322523 0.03674999999999997
0 0.5049032258064516 0.748 0.025075268817204354 0.04096875000000004
7 0.4071182795698925 0.158 0.019311827956989287 0.030406250000000013
5 0.4941720430107527 0.6368437499999999 0.021419354838709635 0.03540624999999995
6 0.6338064516129033 0.74090625 0.02726881720430097 0.03896875000000009
5 0.48376344086021505 0.6169687500000001 0.02443010752688175 0.018281250000000072
5 0.5073333333333333 0.6159375 0.022795698924731232 0.017031249999999963
5 0.4942365591397849 0.603 0.027569892473118265 0.01618750000000002
5 0.503268817204301 0.589375 0.029010752688172062 0.015625
5 0.5184731182795699 0.6057812499999999 0.02268817204301078 0.02840624999999992