7 0.40458064516129033 0.156 0.02090322580645167 0.03271875
2 0.5062150537634408 0.15796875 0.02092473118279574 0.031937499999999994
3 0.6067956989247313 0.157625 0.021569892473118222 0.03328125000000002
6 0.681763440860215 0.6719375000000001 0.02733333333333341 0.04437499999999996
5 0.49535483870967745 0.6368750000000001 0.02223655913978489 0.029812500000000065
5 0.47111827956989244 0.6406875000000001 0.025182795698924686 0.03656249999999996
5 0.48453763440860215 0.61515625 0.02853763440860211 0.019875000000000042
5 0.5051827956989248 0.6165625 0.02679569892473114 0.01796875
1 0.5063010752688172 0.36490625 0.024129032258064575 0.038124999999999964
0 0.5022150537634409 0.75134375 0.02681720430107533 0.04509375000000002
5 0.5179139784946237 0.60546875 0.02415053763440864 0.026968749999999986
5 0.5029032258064516 0.58678125 0.023053763440860273 0.018062499999999915
5 0.3756344086021505 0.81465625 0.027548387096774197 0.04328125000000007
4 0.5031827956989247 0.65171875 0.023849462365591344 0.03503124999999994
5 0.5177204301075269 0.63978125 0.022516129032258123 0.03818750000000008
5 0.49604301075268814 0.6005625 0.022817204301075297 0.015093749999999951