7 0.4038709677419355 0.1555 0.020172043010752677 0.030906250000000003
6 0.7546236559139784 0.6520625 0.02815053763440867 0.03996875000000007
2 0.5381720430107527 0.10112499999999999 0.020150537634408612 0.030874999999999986
3 0.6050752688172043 0.15859375 0.0238924731182796 0.03296874999999999
1 0.5056559139784946 0.36546875 0.022967741935483885 0.035781249999999966
5 0.49440860215053767 0.6440625 0.020387096774193588 0.03303124999999998
5 0.5197204301075269 0.6408437499999999 0.0238924731182796 0.03790624999999999
5 0.8558924731182795 0.65771875 0.026193548387096668 0.03456250000000001
5 0.5059569892473118 0.61465625 0.020860215053763415 0.022749999999999916
5 0.5244946236559139 0.6080625000000001 0.021075268817204326 0.02993749999999995
5 0.4756344086021505 0.6028749999999999 0.020344086021505333 0.02949999999999999
5 0.48219354838709677 0.62046875 0.022279569892473147 0.029062500000000036
5 0.5063870967741936 0.59246875 0.018494623655914026 0.025500000000000078
4 0.508 0.57278125 0.02204301075268817 0.016906250000000077
5 0.5688602150537634 0.2571875 0.022430107526881612 0.033062500000000036
5 0.48610752688172043 0.592 0.02002150537634409 0.029468750000000023