2 0.5056559139784946 0.15553125 0.019247311827956966 0.030937500000000017
3 0.6037849462365591 0.15559375 0.020688172043010763 0.03199999999999999
4 0.544989247311828 0.42374999999999996 0.03092473118279575 0.04328125000000007
7 0.4045376344086022 0.156375 0.019311827956989287 0.030406250000000013
6 0.7828172043010753 0.59453125 0.030301075268817274 0.042906250000000055
1 0.5037849462365591 0.366 0.023462365591397902 0.03571875000000002
5 0.30501075268817207 0.421 0.02726881720430109 0.03484374999999993
5 0.1738279569892473 0.64371875 0.026150537634408593 0.03671875
5 0.4760860215053763 0.661 0.022150537634408628 0.03300000000000001
5 0.5744086021505377 0.655 0.024752688172042993 0.03731249999999999
5 0.4951827956989247 0.6351875 0.022172043010752693 0.03021875000000005
5 0.5065161290322581 0.65471875 0.023247311827956994 0.034218749999999964
5 0.594967741935484 0.60709375 0.025655913978494517 0.03759374999999991
5 0.48135483870967744 0.62203125 0.024236559139784907 0.03156250000000007
5 0.502021505376344 0.61453125 0.024580645161290337 0.030749999999999923
5 0.5025806451612903 0.7401875 0.024860215053763447 0.037124999999999984
5 0.49286021505376343 0.5744374999999999 0.02320430107526886 0.033937500000000044
5 0.4244516129032258 0.722 0.029139784946236584 0.04162499999999998
5 0.46318279569892473 0.6083125 0.02258064516129032 0.037437500000000054
0 0.3928817204301075 0.83575 0.02584946236559136 0.04315624999999983
5 0.8513978494623655 0.4949375 0.027634408602150586 0.04468750000000003