7 0.40498924731182795 0.15537499999999999 0.02021505376344081 0.02690625
2 0.5064516129032258 0.156 0.02273118279569891 0.028125
3 0.6036989247311828 0.156 0.02356989247311836 0.028125
1 0.5068602150537634 0.364 0.021892473118279583 0.03793750000000005
6 0.7363010752688172 0.40190625 0.02778494623655905 0.03303124999999998
4 0.5039139784946236 0.58484375 0.0261075268817204 0.03671875
0 0.503505376344086 0.7475625 0.025268817204301075 0.03181250000000002
5 0.5199139784946236 0.6912812500000001 0.024408602150537684 0.03915624999999991
5 0.5316989247311829 0.571375 0.0261075268817204 0.03915624999999991
5 0.5043440860215054 0.5469062499999999 0.025268817204301075 0.03424999999999993
5 0.4492043010752688 0.5940000000000001 0.024408602150537684 0.03303124999999998
5 0.3894193548387097 0.5885 0.0261075268817204 0.03915624999999991
5 0.36709677419354836 0.6784375 0.023569892473118234 0.03793749999999996
5 0.15954838709677419 0.594625 0.024408602150537622 0.03424999999999993