7 0.40344086021505376 0.15646875 0.024258064516128972 0.030843750000000014
2 0.5141720430107527 0.15059375 0.021225806451612914 0.030843750000000014
3 0.6567311827956989 0.102125 0.017182795698924752 0.030843750000000003
1 0.5040430107526882 0.36512500000000003 0.021225806451612914 0.033781250000000006
0 0.42215053763440863 0.8353125 0.025268817204301075 0.02496875000000003
5 0.31294623655913983 0.81325 0.027290322580645156 0.03965625000000008
5 0.48434408602150536 0.8044375 0.026279569892473178 0.03965625000000008
5 0.4727096774193548 0.639875 0.021225806451612914 0.03671875
5 0.4803010752688172 0.6560625 0.024258064516128972 0.042624999999999955
5 0.49141935483870963 0.6310625 0.026279569892473178 0.03671875
5 0.6435913978494623 0.5656875 0.023247311827956873 0.032312499999999925
5 0.5773548387096775 0.62225 0.022236559139785016 0.03671875
5 0.5849462365591398 0.783875 0.025268817204301075 0.033781250000000006
5 0.5288172043010753 0.7875625 0.026279569892473178 0.04115625000000005
5 0.687741935483871 0.5616875 0.023526881720430225 0.04078125000000003
5 0.3374623655913978 0.7168125 0.02849462365591398 0.03881250000000005
5 0.17701075268817204 0.63 0.0261075268817204 0.034375
5 0.4361505376344086 0.67346875 0.027827956989247307 0.041874999999999926
4 0.5150752688172043 0.5763125 0.028021505376344027 0.03456250000000001
5 0.7435268817204301 0.66984375 0.028731182795698956 0.041750000000000044
6 0.6719354838709677 0.15359375 0.022129032258064438 0.029937499999999995