3 0.603720430107527 0.15509375 0.02118279569892478 0.03315625
1 0.5057849462365591 0.367 0.02470967741935486 0.03206249999999997
7 0.40337634408602147 0.15546875 0.021053763440860258 0.03228125
2 0.5046451612903226 0.156625 0.019591397849462396 0.028468749999999998
5 0.5663010752688171 0.6051562500000001 0.026946236559139726 0.04034375000000008
4 0.5038279569892473 0.5719375 0.026129032258064466 0.030843750000000014
5 0.5173118279569893 0.60575 0.02367741935483869 0.03203125
5 0.5038279569892473 0.5933125 0.024494623655913948 0.02134374999999995
5 0.5173118279569893 0.63603125 0.02531182795698921 0.037968749999999926
5 0.5058709677419354 0.6164375 0.020408602150537653 0.020187499999999935
5 0.4838279569892473 0.6164375 0.020408602150537653 0.017812499999999964
5 0.496494623655914 0.6401875 0.021225806451612914 0.036781249999999946
5 0.47238709677419355 0.6378125 0.02204301075268817 0.03440624999999997
5 0.4556559139784946 0.65084375 0.02286021505376343 0.03440624999999997
5 0.3752258064516129 0.8163750000000001 0.026946236559139726 0.042718749999999875
6 0.6393978494623656 0.7422187499999999 0.027763440860214986 0.03915624999999991
0 0.5046451612903226 0.74875 0.029397849462365625 0.03559374999999996