2 0.5055913978494624 0.15284375 0.01860215053763436 0.03209374999999999
3 0.6039354838709677 0.15540625 0.02582795698924729 0.03453124999999999
1 0.5057849462365591 0.36559375 0.023763440860215077 0.037531249999999974
7 0.1741075268817204 0.43765625 0.02995698924731184 0.037531249999999974
6 0.14361290322580644 0.5720625 0.024795698924731185 0.042031249999999964
5 0.15550537634408604 0.60884375 0.023763440860215077 0.037531249999999974
5 0.39004301075268816 0.5878125 0.023763440860215077 0.037531249999999974
5 0.36834408602150537 0.67865625 0.023763440860215077 0.042031249999999964
5 0.44946236559139785 0.5975625 0.024795698924731123 0.03903125000000003
5 0.4747741935483871 0.5825625 0.02789247311827963 0.03603124999999992
0 0.504731182795699 0.74546875 0.02582795698924729 0.034531250000000034
4 0.4603010752688172 0.80628125 0.02995698924731184 0.03903125000000003