7 0.4039139784946236 0.15525 0.021139784946236525 0.029625000000000012
2 0.5054623655913978 0.15525 0.020387096774193588 0.029625000000000012
3 0.6051182795698925 0.15578125 0.020387096774193588 0.028531249999999987
1 0.5043225806451612 0.3664375 0.021139784946236525 0.03950000000000005
5 0.17535483870967744 0.6424375 0.02286021505376343 0.037531249999999974
5 0.30550537634408603 0.41865625 0.02681720430107533 0.037531249999999974
5 0.8499354838709678 0.48940625000000004 0.024838709677419257 0.03465624999999992
5 0.6452903225806451 0.65759375 0.02286021505376343 0.04474999999999998
5 0.5941075268817204 0.6070625 0.02582795698924729 0.036093750000000036
5 0.575247311827957 0.65253125 0.023849462365591465 0.037531249999999974
5 0.5409677419354839 0.7196875 0.024838709677419257 0.04474999999999998
5 0.4927741935483871 0.5738749999999999 0.023849462365591344 0.03896875000000009
5 0.4684301075268817 0.6092500000000001 0.024838709677419378 0.03175000000000008
5 0.4838279569892473 0.6265625 0.021849462365591453 0.03175000000000008
5 0.5002365591397849 0.61571875 0.02681720430107533 0.033218749999999984
5 0.49774193548387097 0.6402812499999999 0.019870967741935502 0.030312499999999964
5 0.5081720430107527 0.65471875 0.020860215053763415 0.036093750000000036
5 0.47638709677419355 0.66121875 0.02286021505376343 0.040437499999999994
0 0.5047096774193548 0.7485625 0.027827956989247307 0.036093750000000036
4 0.5474193548387097 0.42228125 0.023849462365591465 0.03896875000000009
6 0.7113548387096773 0.18840625 0.021849462365591328 0.03031250000000001