3 0.603720430107527 0.15509375 0.02118279569892478 0.03315625
5 0.6576559139784947 0.556375 0.023440860215053715 0.034062499999999926
5 0.1588817204301075 0.6036875 0.026043010752688202 0.034062499999999926
2 0.5378494623655914 0.09840625 0.023440860215053715 0.030281250000000003
1 0.5025161290322581 0.367 0.018172043010752665 0.03206249999999997
7 0.40337634408602147 0.15546875 0.021053763440860258 0.03228125
5 0.8542795698924731 0.65815625 0.02793548387096776 0.04215625000000003
5 0.5109677419354839 0.59259375 0.02470967741935486 0.03590625000000003
4 0.5104301075268817 0.56525 0.02793548387096776 0.01875
0 0.5050537634408602 0.7503124999999999 0.030086021505376363 0.03903125000000003
6 0.5759784946236559 0.7315625 0.02578494623655916 0.04215625000000003