7 0.3250752688172043 0.11765624999999999 0.019096774193548376 0.03256250000000001
2 0.5048387096774194 0.15625 0.0199354838709677 0.030156250000000016
5 0.4632043010752688 0.49143749999999997 0.023698924731182756 0.03715624999999996
5 0.642731182795699 0.5299375000000001 0.024946236559139835 0.03443749999999994
5 0.49374193548387096 0.6046875 0.022451612903225802 0.033531250000000054
5 0.48720430107526885 0.62778125 0.024322580645161296 0.027187499999999965
3 0.6063225806451613 0.15696875 0.0238924731182796 0.030374999999999996
1 0.5230537634408602 0.38849999999999996 0.02036559139784952 0.032781250000000026
5 0.46836559139784945 0.6760312500000001 0.022774193548387042 0.03309374999999992
5 0.382 0.56934375 0.02434408602150536 0.03650000000000002
5 0.4890967741935484 0.6448750000000001 0.0238924731182796 0.03574999999999999
5 0.5013978494623657 0.6642812499999999 0.02178494623655913 0.029625000000000058
5 0.5203870967741935 0.6356875 0.023182795698924674 0.02756249999999998
5 0.5256559139784946 0.65559375 0.022494623655913936 0.03471875000000004
6 0.32989247311827957 0.64490625 0.02578494623655916 0.03746875000000003