7 0.4041290322580645 0.15409375 0.021763440860215064 0.03287499999999999
2 0.5060215053763442 0.1566875 0.0213763440860215 0.028718749999999994
3 0.6044946236559139 0.15721875000000002 0.02064516129032263 0.03287499999999999
1 0.5053978494623655 0.36428125 0.023354838709677448 0.033218749999999984
6 0.45266666666666666 0.061906249999999996 0.02260215053763439 0.03187499999999999
0 0.5052903225806452 0.74796875 0.02531182795698921 0.03559374999999996
4 0.5058279569892473 0.5853125 0.02638709677419351 0.038124999999999964
5 0.14576344086021506 0.5923125 0.026129032258064528 0.03343749999999997
5 0.6179139784946236 0.59425 0.025268817204301075 0.037531249999999974
5 0.36526881720430104 0.6774375 0.02679569892473114 0.03815624999999993
5 0.3889247311827957 0.5897187500000001 0.022473118279569868 0.03759374999999991
5 0.4490752688172043 0.596625 0.026774193548387074 0.03734374999999997
5 0.5052903225806452 0.5479375 0.023161290322580606 0.03368749999999991
5 0.5310752688172042 0.57203125 0.023161290322580606 0.036531249999999994