7 0.40447311827956994 0.15621875000000002 0.023247311827956994 0.028718749999999994
2 0.5055913978494624 0.15284375 0.01860215053763436 0.03209374999999999
3 0.6543440860215053 0.10471875 0.023247311827956873 0.033781250000000006
4 0.5160430107526882 0.58015625 0.02556989247311825 0.038843750000000024
5 0.5741505376344086 0.62153125 0.02789247311827963 0.04053125000000009
5 0.6438924731182796 0.56578125 0.02556989247311825 0.04053125000000009
5 0.4927956989247312 0.63334375 0.02092473118279574 0.03715624999999996
5 0.4712903225806452 0.6409374999999999 0.022086021505376304 0.038843750000000024
5 0.48118279569892475 0.657 0.023247311827956994 0.030406250000000058
5 0.4364301075268817 0.67471875 0.024408602150537684 0.038843750000000024
5 0.3120645161290323 0.8149062499999999 0.02673118279569894 0.04221874999999997
5 0.5840430107526882 0.7861875 0.02673118279569882 0.038843750000000024
0 0.42363440860215057 0.8368437500000001 0.029053763440860195 0.03209374999999994
6 0.5375483870967743 0.7870312499999998 0.029053763440860195 0.04053125000000009
1 0.5038494623655914 0.36565625 0.024408602150537684 0.03209375000000003
5 0.24116129032258066 0.5514375 0.024408602150537622 0.04221874999999997
5 0.14120430107526882 0.6063125 0.022086021505376367 0.03715624999999996
5 0.5782150537634408 0.73553125 0.02673118279569882 0.038843750000000024
5 0.6479569892473118 0.80815625 0.03137634408602157 0.04221874999999997
5 0.7014193548387098 0.83346875 0.02673118279569882 0.03546875000000007