2 0.5064516129032258 0.156 0.02273118279569891 0.028125
3 0.6050967741935483 0.1555 0.02292473118279563 0.03456250000000001
7 0.3263440860215054 0.11821875 0.019247311827956966 0.02937500000000002
1 0.5227311827956989 0.3881875 0.02118279569892478 0.040562500000000015
5 0.46243010752688174 0.48949999999999994 0.021763440860215064 0.032937500000000064
5 0.8114623655913978 0.60640625 0.022688172043010654 0.040156250000000074
5 0.8607956989247312 0.6265 0.022688172043010654 0.03728125000000002
5 0.6906021505376344 0.65159375 0.025655913978494517 0.035843750000000084
4 0.8410537634408601 0.57059375 0.02664516129032255 0.03728125000000002
5 0.5775913978494623 0.52621875 0.022559139784946256 0.040593750000000026
5 0.6442150537634409 0.53325 0.022559139784946256 0.03903125000000003
5 0.5840215053763441 0.61365625 0.02470967741935486 0.040593750000000026
6 0.471741935483871 0.6238125 0.02793548387096776 0.04215625000000003