7 0.4047311827956989 0.15646875 0.0191612903225807 0.03181249999999998
1 0.5055698924731182 0.36465625 0.021892473118279583 0.026531250000000027
2 0.506731182795699 0.156 0.018064516129032208 0.032062500000000015
3 0.6055483870967742 0.15746875 0.021075268817204205 0.026250000000000016
6 0.589010752688172 0.38931250000000006 0.026086021505376335 0.03500000000000001
5 0.14498924731182797 0.59196875 0.023075268817204293 0.03499999999999996
5 0.3898279569892473 0.5890625 0.023075268817204342 0.03790624999999999
5 0.36574193548387096 0.678 0.023075268817204342 0.03790624999999999
5 0.45152688172043015 0.595625 0.026086021505376335 0.033531250000000054
5 0.5057204301075269 0.54896875 0.026086021505376335 0.030625000000000034
5 0.5303010752688172 0.57228125 0.023075268817204342 0.03937500000000007
4 0.5062150537634408 0.5803125 0.023075268817204342 0.03206249999999997
0 0.5042150537634409 0.7450625 0.027096774193548435 0.03790624999999999