3 0.603720430107527 0.15509375 0.02118279569892478 0.03315625
7 0.40440860215053764 0.1565625 0.01989247311827957 0.030500000000000017
4 0.5070322580645161 0.57165625 0.019634408602150526 0.030281249999999992
5 0.4916129032258064 0.6036875 0.019526881720430073 0.037843750000000044
5 0.5104946236559139 0.59609375 0.02083870967741935 0.034062499999999926
5 0.6576559139784947 0.556375 0.023440860215053715 0.034062499999999926
5 0.8549677419354839 0.6585625 0.024752688172042993 0.04162499999999998
5 0.42649462365591395 0.58759375 0.02212903225806456 0.03215625000000007
5 0.1588817204301075 0.6036875 0.026043010752688202 0.034062499999999926
2 0.5378494623655914 0.09840625 0.023440860215053715 0.030281250000000003
0 0.504 0.74940625 0.026043010752688202 0.037843750000000044
6 0.4586021505376344 0.23384375 0.025053763440860168 0.035250000000000004
5 0.5660430107526881 0.25415625 0.025698924731182893 0.03409374999999999