6 0.4578924731182795 0.61046875 0.025763440860215092 0.036781249999999946
5 0.8561505376344086 0.6573125 0.024322580645161174 0.040437499999999994
7 0.40376344086021504 0.1536875 0.02109677419354839 0.032343749999999984
2 0.5393333333333333 0.096125 0.019247311827956966 0.030937499999999996
3 0.6037849462365591 0.15559375 0.020688172043010763 0.03199999999999999
5 0.566258064516129 0.25375000000000003 0.02238709677419348 0.033624999999999974
1 0.5041075268817204 0.36428125 0.022645161290322523 0.034781249999999986
5 0.32748387096774195 0.6101875 0.023333333333333383 0.038000000000000075
5 0.46004301075268816 0.657 0.023118279569892472 0.03528125000000006
5 0.49038709677419356 0.60365625 0.02075268817204296 0.031625000000000014
5 0.5751612903225807 0.5746875 0.02301075268817214 0.031874999999999966
5 0.6005806451612903 0.5845625 0.02713978494623657 0.036374999999999956
5 0.509247311827957 0.5899062500000001 0.025526881720430116 0.03296875000000003
5 0.4353118279569892 0.5899687499999999 0.02374193548387101 0.03365624999999994
4 0.5090537634408603 0.5675625 0.02490322580645158 0.02243750000000002