2 0.5055913978494624 0.15284375 0.01860215053763436 0.03209374999999999
1 0.5038494623655914 0.36565625 0.024408602150537684 0.03209375000000003
6 0.21827956989247313 0.15796875 0.020709677419354828 0.030093749999999985
7 0.25451612903225806 0.3178125 0.02415053763440858 0.03384375000000004
3 0.6043655913978494 0.15421875000000002 0.01810752688172034 0.025062499999999988
5 0.14451612903225808 0.5936250000000001 0.025010752688172034 0.03634374999999999
5 0.3899784946236559 0.5898749999999999 0.0276129032258064 0.03887499999999999
5 0.36537634408602154 0.677625 0.023290322580645128 0.03887499999999999
5 0.44950537634408605 0.59678125 0.025892473118279614 0.040124999999999925
5 0.5055913978494624 0.5485 0.02415053763440864 0.03634374999999999
4 0.5038494623655914 0.58359375 0.02415053763440864 0.03887499999999999
5 0.5297419354838709 0.5741875000000001 0.02415053763440864 0.035093750000000055
0 0.504731182795699 0.74784375 0.02415053763440864 0.04137500000000003