7 0.40458064516129033 0.156 0.02090322580645167 0.03271875
2 0.5062150537634408 0.15796875 0.02092473118279574 0.031937499999999994
3 0.6067956989247313 0.157625 0.021569892473118222 0.03328125000000002
5 0.5474623655913978 0.67734375 0.023419354838709647 0.040625
5 0.4969892473118279 0.67703125 0.022903225806451565 0.03618749999999995
5 0.4955698924731183 0.63790625 0.022193548387096758 0.03459374999999998
5 0.5659139784946237 0.60728125 0.024580645161290215 0.03949999999999996
1 0.5060645161290322 0.36506249999999996 0.024129032258064575 0.038124999999999964
0 0.504774193548387 0.7488125 0.026215053763440854 0.040718749999999915
5 0.47686021505376347 0.68684375 0.02632258064516131 0.03818750000000008
5 0.37372043010752687 0.8170624999999999 0.023763440860215077 0.038062499999999846
5 0.6149032258064516 0.61290625 0.023075268817204342 0.03825000000000003
4 0.5039354838709678 0.5683125 0.028086021505376348 0.02756249999999998
5 0.4713763440860215 0.63790625 0.02490322580645158 0.03849999999999998
5 0.7281935483870968 0.6679999999999999 0.025354838709677342 0.04109374999999993
5 0.5174623655913979 0.6380312499999999 0.02273118279569891 0.03565625000000008
5 0.4847956989247312 0.6145625 0.021225806451612914 0.016312500000000084
5 0.5080860215053763 0.6167812500000001 0.026774193548387074 0.01853125000000002
5 0.4950537634408602 0.60059375 0.02348387096774197 0.01484375
5 0.5183440860215054 0.6079375 0.022989247311827953 0.027374999999999972
5 0.5035913978494624 0.5880625 0.026150537634408656 0.014093749999999971