7 0.4047311827956989 0.15646875 0.0191612903225807 0.03181249999999998
1 0.5055698924731182 0.36465625 0.021892473118279583 0.026531250000000027
2 0.5046236559139785 0.15765625 0.02111827956989246 0.02243750000000002
3 0.6058064516129033 0.1570625 0.01707526881720442 0.02834375000000002
6 0.3169247311827957 0.60459375 0.025999999999999947 0.03778124999999992
5 0.14341935483870968 0.5921875 0.026817204301075266 0.03896875000000009
5 0.3648602150537634 0.6783750000000001 0.024387096774193495 0.03424999999999993
5 0.38883870967741935 0.58865625 0.023569892473118234 0.029531249999999964
5 0.4497849462365591 0.5939687499999999 0.021935483870967717 0.03543749999999992
5 0.5038924731182796 0.5469375000000001 0.02470967741935486 0.03140625000000004
5 0.530752688172043 0.56846875 0.021612903225806477 0.03499999999999996
4 0.5038924731182796 0.58640625 0.027161290322580637 0.03859375000000007
0 0.5029677419354839 0.74971875 0.02408602150537632 0.036781249999999946