6 0.6285161290322581 0.18434375 0.025741935483871027 0.03540624999999999
2 0.5063010752688172 0.15715625 0.019247311827956966 0.030937500000000017
3 0.6037849462365591 0.15559375 0.020688172043010763 0.03199999999999999
1 0.5041075268817204 0.36428125 0.022645161290322523 0.034781249999999986
5 0.3752043010752688 0.81328125 0.025075268817204354 0.041874999999999926
5 0.7707311827956989 0.66471875 0.026301075268817243 0.036687500000000026
5 0.4751182795698925 0.6839375000000001 0.02354838709677417 0.034781249999999986
4 0.5096559139784946 0.5674375 0.02490322580645158 0.02243750000000002
5 0.5464086021505375 0.6781875 0.027376344086021482 0.03706250000000004
5 0.615978494623656 0.60890625 0.025096774193548298 0.041343750000000054
0 0.5034623655913979 0.75009375 0.025075268817204354 0.04096875000000004
5 0.4967741935483871 0.6756875 0.021419354838709635 0.03540624999999995
7 0.4071182795698925 0.158 0.019311827956989287 0.030406250000000013
5 0.5648602150537635 0.60603125 0.024623655913978592 0.03962500000000002
5 0.4712903225806452 0.63634375 0.02043010752688172 0.02993749999999995
5 0.49258064516129035 0.63915625 0.01989247311827957 0.03556249999999998
5 0.5173763440860215 0.6375 0.024279569892473162 0.033781250000000006
5 0.48294623655913976 0.61709375 0.02165591397849461 0.017468749999999922
5 0.5049462365591398 0.61584375 0.02462365591397847 0.01796875
5 0.4948602150537635 0.6013124999999999 0.018150537634408596 0.016437499999999973
5 0.5186021505376344 0.604625 0.02673118279569894 0.023062499999999986
5 0.503268817204301 0.5874375 0.02234408602150535 0.017687500000000078