3 0.603720430107527 0.15509375 0.02118279569892478 0.03315625
1 0.5057849462365591 0.367 0.02470967741935486 0.03206249999999997
7 0.40337634408602147 0.15546875 0.021053763440860258 0.03228125
0 0.5046451612903226 0.74875 0.029397849462365625 0.03559374999999996
4 0.5089032258064515 0.5665312499999999 0.02320430107526886 0.022000000000000065
5 0.5119354838709678 0.58925 0.02118279569892478 0.03224999999999998
2 0.5051827956989248 0.156625 0.019591397849462396 0.028468749999999998
6 0.640731182795699 0.74515625 0.0250322580645161 0.04431250000000002
5 0.5656559139784946 0.60409375 0.02778494623655905 0.039437500000000014
5 0.5195698924731182 0.60821875 0.02146236559139789 0.029343749999999957
5 0.5183010752688172 0.6380312499999999 0.02273118279569891 0.035781249999999966
5 0.4946236559139785 0.603625 0.023354838709677448 0.016499999999999914
5 0.4946236559139785 0.63571875 0.023354838709677448 0.03853124999999995
5 0.45610752688172046 0.65040625 0.02462365591397847 0.03853124999999995
5 0.47159139784946236 0.6366562499999999 0.02273118279569891 0.029343749999999957
5 0.37410752688172044 0.81703125 0.027118279569892503 0.04196874999999993