7 0.4039139784946236 0.15525 0.021139784946236525 0.029625000000000012
2 0.5054623655913978 0.15525 0.020387096774193588 0.029625000000000012
3 0.6051182795698925 0.15578125 0.020387096774193588 0.028531249999999987
4 0.5469677419354838 0.42628125 0.023634408602150558 0.03434375000000003
5 0.1724731182795699 0.64178125 0.02686021505376346 0.040593750000000026
5 0.3046451612903226 0.42003124999999997 0.022559139784946256 0.02809375000000003
5 0.15096774193548387 0.5356875 0.021870967741935456 0.03815624999999993
5 0.4096774193548387 0.65015625 0.022967741935483885 0.03815624999999993
5 0.4649032258064516 0.631875 0.024064516129032255 0.03337500000000002
5 0.4681935483870968 0.60721875 0.024064516129032255 0.03178125000000005
5 0.49881720430107523 0.61278125 0.021870967741935518 0.03337500000000002
5 0.5064731182795699 0.63821875 0.021870967741935518 0.039750000000000084
5 0.521247311827957 0.77809375 0.02077419354838715 0.039750000000000084
1 0.7167956989247312 0.045656249999999995 0.021763440860215064 0.03162499999999999
6 0.2980215053763441 0.47143750000000006 0.02361290322580649 0.03431250000000006
5 0.351505376344086 0.7200624999999999 0.020795698924731217 0.04081250000000001
5 0.3369462365591398 0.73290625 0.022881720430107496 0.03628125000000004
5 0.35356989247311826 0.8213125 0.022881720430107496 0.0317499999999999
0 0.33537634408602146 0.7858125 0.01976344086021505 0.021156249999999942