7 0.4038709677419355 0.1555 0.020172043010752677 0.030906250000000003
6 0.5901720430107527 0.74090625 0.02815053763440867 0.03996875000000007
2 0.507247311827957 0.15815625 0.020150537634408612 0.030874999999999986
3 0.6050752688172043 0.15859375 0.0238924731182796 0.03296874999999999
1 0.5056559139784946 0.36546875 0.022967741935483885 0.035781249999999966
5 0.49412903225806454 0.63865625 0.020387096774193588 0.03303124999999998
5 0.5174193548387097 0.639375 0.0238924731182796 0.03790624999999999
5 0.5669677419354838 0.60615625 0.026193548387096668 0.03456250000000001
5 0.5068817204301075 0.6181875 0.02043010752688172 0.020656250000000043
5 0.5204731182795699 0.60765625 0.021075268817204326 0.02993749999999995
5 0.454494623655914 0.648625 0.021354838709677432 0.03096875000000008
5 0.4713548387096774 0.6405937500000001 0.020129032258064547 0.029281250000000016
5 0.5063870967741936 0.59246875 0.018494623655914026 0.025500000000000078
4 0.5042795698924731 0.5675625 0.02204301075268817 0.016906250000000077
5 0.549247311827957 0.6795312499999999 0.022430107526881734 0.03306249999999995
5 0.484752688172043 0.61775 0.021892473118279583 0.01590624999999992
5 0.4947956989247312 0.6024375 0.020537634408602175 0.01590624999999992
5 0.3738494623655914 0.81559375 0.024774193548387058 0.04240625000000016
0 0.5043440860215054 0.74796875 0.024494623655913948 0.04031249999999993