7 0.40458064516129033 0.156 0.02090322580645167 0.03271875
2 0.5062150537634408 0.15796875 0.02092473118279574 0.031937499999999994
3 0.6045376344086022 0.157625 0.021569892473118222 0.03328125000000002
1 0.5060215053763442 0.36625 0.024129032258064575 0.038124999999999964
5 0.3736559139784946 0.81703125 0.028516129032258045 0.04265624999999993
0 0.5020860215053763 0.754 0.02847311827956991 0.04859375000000003
6 0.4444731182795699 0.6195 0.025548387096774185 0.04121874999999999
5 0.4947741935483871 0.603375 0.023956989247311797 0.017406249999999977
5 0.5660430107526881 0.6056874999999999 0.024494623655913948 0.03831249999999997
5 0.5173548387096774 0.6394062500000001 0.02286021505376343 0.035781249999999966
5 0.5189462365591397 0.60509375 0.024752688172042993 0.027250000000000087
5 0.47255913978494624 0.6370625000000001 0.025182795698924686 0.03656249999999996
5 0.4846236559139785 0.6157812500000001 0.02681720430107533 0.020124999999999994
5 0.5038709677419355 0.58659375 0.02524731182795701 0.016468749999999942
5 0.505505376344086 0.6160625 0.027419354838709678 0.017750000000000023
4 0.505225806451613 0.56809375 0.02883870967741941 0.022093749999999978
5 0.4935913978494624 0.6363125000000001 0.024731182795698924 0.03206249999999997