7 0.40447311827956994 0.15621875000000002 0.023247311827956994 0.028718749999999994
2 0.5055913978494624 0.15284375 0.01860215053763436 0.03209374999999999
3 0.6543440860215053 0.10471875 0.023247311827956873 0.033781250000000006
4 0.5160430107526882 0.58015625 0.02556989247311825 0.038843750000000024
5 0.6438924731182796 0.56578125 0.02556989247311825 0.04053125000000009
5 0.4927956989247312 0.63334375 0.02092473118279574 0.03715624999999996
5 0.4712903225806452 0.6409374999999999 0.022086021505376304 0.038843750000000024
5 0.48118279569892475 0.657 0.023247311827956994 0.030406250000000058
1 0.5038494623655914 0.36565625 0.024408602150537684 0.03209375000000003
5 0.7844301075268817 0.8357187500000001 0.025139784946236678 0.03106250000000017
5 0.6628172043010753 0.657625 0.021698924731182866 0.042031249999999964
5 0.18666666666666665 0.54890625 0.022709677419354844 0.04215625000000003
5 0.5770537634408602 0.62153125 0.024408602150537684 0.03715624999999996
5 0.5828817204301076 0.78196875 0.022086021505376304 0.043906250000000036
5 0.660752688172043 0.8047812499999999 0.029053763440860195 0.04221874999999997
5 0.5802150537634408 0.13859375000000002 0.023849462365591465 0.03174999999999999
5 0.7475268817204301 0.0520625 0.021978494623655972 0.031937499999999994
6 0.2545806451612903 0.1048125 0.0238924731182796 0.03471875