7 0.4038709677419355 0.1555 0.020172043010752677 0.030906250000000003
6 0.6682795698924732 0.7003125 0.024387096774193616 0.03337500000000002
2 0.5381720430107527 0.10003124999999999 0.020150537634408612 0.030874999999999986
3 0.6050752688172043 0.15859375 0.0238924731182796 0.03296874999999999
5 0.7577634408602151 0.7915000000000001 0.0238924731182796 0.036781249999999946
1 0.5056559139784946 0.36546875 0.022967741935483885 0.035781249999999966
5 0.8573548387096774 0.6623125 0.026688172043010685 0.03996875000000007
0 0.8899784946236559 0.8178124999999999 0.02692473118279566 0.03962499999999984
5 0.5514408602150538 0.6520937499999999 0.022967741935483763 0.03371875000000006
5 0.49440860215053767 0.6367812500000001 0.020387096774193588 0.03303124999999998
5 0.5169892473118279 0.6384375 0.024752688172042993 0.037687500000000006
5 0.4862365591397849 0.5858749999999999 0.020150537634408612 0.022468749999999992
5 0.5067096774193548 0.61246875 0.020860215053763415 0.022749999999999916
5 0.5244946236559139 0.6080625000000001 0.021075268817204326 0.02993749999999995
5 0.47653763440860214 0.60446875 0.025612903225806505 0.032781250000000026
5 0.48019354838709677 0.62315625 0.022279569892473147 0.027187499999999965
5 0.5041290322580645 0.59246875 0.018494623655914026 0.025500000000000078
4 0.508 0.57278125 0.02204301075268817 0.016906250000000077
5 0.5669677419354838 0.2555625 0.020172043010752677 0.029781250000000002