7 0.4039354838709678 0.1545625 0.020795698924731217 0.031062499999999993
3 0.6553548387096775 0.10609375000000001 0.024064516129032376 0.029875000000000006
6 0.37963440860215053 0.052531249999999995 0.023333333333333383 0.034062499999999996
5 0.660279569892473 0.806625 0.02578494623655916 0.04153124999999998
5 0.6630537634408602 0.65215625 0.024258064516128972 0.03993749999999992
2 0.504731182795699 0.1556875 0.02191397849462365 0.03559375
5 0.5803870967741935 0.13874999999999998 0.020344086021505454 0.028968749999999988
5 0.18666666666666665 0.54584375 0.02726881720430109 0.042312500000000065
5 0.6238494623655914 0.18384375 0.023311827956989314 0.03628124999999997
5 0.5759354838709677 0.62396875 0.023784946236559024 0.03987499999999997
5 0.642752688172043 0.567875 0.02625806451612911 0.04453125
1 0.5031612903225806 0.36509375 0.02223655913978489 0.036812500000000005
5 0.782989247311828 0.8364375000000001 0.021010752688172003 0.031218750000000028
5 0.3138064516129032 0.8139375 0.02372043010752682 0.03953124999999993