7 0.4038709677419355 0.1555 0.020172043010752677 0.030906250000000003
6 0.5224086021505376 0.29903124999999997 0.02815053763440855 0.039968749999999977
2 0.506494623655914 0.15596875 0.020150537634408612 0.030874999999999986
3 0.6050752688172043 0.15859375 0.0238924731182796 0.03296874999999999
1 0.5056559139784946 0.36546875 0.022967741935483885 0.035781249999999966
5 0.49470967741935484 0.63765625 0.02124731182795698 0.034062499999999926
5 0.5172688172043011 0.63928125 0.022451612903225802 0.036093750000000036
5 0.616 0.61053125 0.026193548387096668 0.03456250000000001
5 0.5061720430107527 0.6149375 0.022473118279569868 0.02371874999999992
5 0.5204086021505376 0.609375 0.019913978494623636 0.03334375000000005
5 0.48516129032258065 0.6168750000000001 0.0203010752688172 0.022718749999999944
5 0.5073548387096773 0.59109375 0.02380645161290321 0.027156249999999993
4 0.504494623655914 0.5676249999999999 0.02490322580645158 0.019624999999999913
5 0.8136344086021505 0.6601874999999999 0.026000000000000068 0.04037500000000005
5 0.3823440860215054 0.7957812499999999 0.026236559139784923 0.04250000000000007
5 0.4760430107526882 0.68515625 0.025118279569892488 0.03790624999999999
0 0.5046881720430108 0.7503437500000001 0.025397849462365597 0.04371875000000003
5 0.39322580645161287 0.80903125 0.0007741935483871261 0.0008749999999999147
5 0.392989247311828 0.80665625 0.00034408602150543015 0.0018125000000001278
5 0.5663010752688171 0.60509375 0.0227526881720431 0.03562499999999993
5 0.4718064516129032 0.63778125 0.021225806451612914 0.035843750000000084
5 0.5465591397849463 0.679125 0.024043010752688186 0.04337499999999998
5 0.49593548387096775 0.6026875 0.018989247311827922 0.01584374999999998