3 0.6066236559139785 0.15721875000000002 0.022645161290322523 0.032906250000000005
2 0.507010752688172 0.15609375 0.020322580645161265 0.030656250000000006
7 0.4038924731182796 0.15553125 0.023440860215053715 0.031781250000000004
0 0.5029032258064516 0.74703125 0.02234408602150535 0.03571875000000002
6 0.6681505376344086 0.6603749999999999 0.026408602150537575 0.038374999999999916
1 0.5059139784946236 0.3665625 0.023569892473118234 0.03700000000000001
4 0.5016774193548387 0.65021875 0.024516129032258017 0.03424999999999993
5 0.37449462365591396 0.8145312499999999 0.026881720430107527 0.04106249999999996
5 0.4713118279569892 0.6373125 0.023419354838709647 0.03103125000000002
5 0.49473118279569894 0.6358125 0.020666666666666694 0.030031250000000044
5 0.5174623655913979 0.6403125000000001 0.02619354838709679 0.03703125000000007
5 0.5167741935483872 0.60828125 0.02619354838709679 0.03303124999999998
5 0.483010752688172 0.6167812500000001 0.024795698924731123 0.020031250000000077
5 0.5054193548387097 0.61528125 0.024107526881720385 0.021031250000000057
5 0.49473118279569894 0.60225 0.02619354838709679 0.019031249999999923
5 0.5026451612903226 0.5902499999999999 0.025483870967741986 0.02503124999999997