7 0.4039139784946236 0.15525 0.021139784946236525 0.029625000000000012
2 0.5054623655913978 0.15525 0.020387096774193588 0.029625000000000012
3 0.6051182795698925 0.15578125 0.020387096774193588 0.028531249999999987
1 0.5045806451612903 0.366625 0.02010752688172048 0.03409374999999999
4 0.5030752688172043 0.57228125 0.02178494623655913 0.022156249999999923
0 0.5034408602150537 0.746875 0.025397849462365597 0.03375000000000004
5 0.37313978494623656 0.8149062499999999 0.026129032258064466 0.03903125000000003
5 0.7288387096774194 0.6640625 0.02178494623655913 0.03268749999999994
5 0.6155913978494624 0.6113125 0.023225806451612804 0.034812499999999955
5 0.5655053763440859 0.6044375 0.02178494623655913 0.03587500000000006
5 0.5455483870967742 0.6756562500000001 0.023956989247311797 0.03268749999999994
5 0.4965376344086021 0.67725 0.020322580645161265 0.037968749999999926
5 0.4754838709677419 0.6872499999999999 0.02178494623655913 0.03903125000000003
5 0.47223655913978496 0.63503125 0.023956989247311797 0.03165624999999998
5 0.494 0.636625 0.022494623655913936 0.03690625000000001
5 0.5175913978494624 0.63715625 0.02322580645161293 0.04009374999999995
5 0.482752688172043 0.617625 0.02322580645161293 0.020031250000000077
5 0.5070752688172043 0.62028125 0.02686021505376346 0.02321875000000002
5 0.49509677419354836 0.6054999999999999 0.026129032258064466 0.02321875000000002
5 0.5190537634408603 0.60865625 0.02178494623655913 0.029531249999999964
5 0.5034408602150537 0.59178125 0.023956989247311797 0.02321875000000002