2 0.5056344086021506 0.1566875 0.020860215053763415 0.025562500000000023
0 0.5046236559139785 0.7502187499999999 0.024322580645161296 0.04031249999999993
1 0.5055913978494624 0.36396875 0.02092473118279574 0.028718749999999994
3 0.6071397849462365 0.15459375 0.01933333333333335 0.031218749999999983
7 0.40408602150537637 0.15603125 0.023290322580645128 0.031343750000000004
5 0.5317419354838709 0.57090625 0.021569892473118222 0.03384374999999995
5 0.5058709677419354 0.5508437500000001 0.021569892473118222 0.03384374999999995
5 0.5170752688172043 0.6379374999999999 0.023290322580645128 0.04009374999999995
5 0.49550537634408603 0.6373125 0.023290322580645128 0.038843750000000024
5 0.44806451612903225 0.59471875 0.023290322580645128 0.03634374999999999
5 0.4166021505376344 0.6310625 0.022430107526881734 0.03634374999999999
5 0.3898494623655914 0.5865625 0.022430107526881734 0.03259375000000002
6 0.7473763440860215 0.55521875 0.025010752688172034 0.035093750000000055