7 0.4047741935483871 0.1539375 0.018774193548387136 0.031156249999999996
2 0.5055483870967742 0.15731250000000002 0.019376344086021485 0.029812499999999974
3 0.6049247311827958 0.15775 0.019032258064516177 0.036125000000000004
1 0.5056989247311828 0.36509375 0.022774193548387042 0.03621875000000001
6 0.7930537634408602 0.1995625 0.025956989247311935 0.042750000000000024
5 0.1441505376344086 0.5926875 0.024107526881720447 0.04081250000000001
0 0.5049247311827957 0.7495625 0.02556989247311825 0.04090624999999992
4 0.5063225806451613 0.58346875 0.022774193548387042 0.03587500000000006
5 0.3658494623655914 0.67834375 0.027161290322580637 0.0390625
5 0.39004301075268816 0.59090625 0.024666666666666726 0.042624999999999955
5 0.44989247311827957 0.599 0.025268817204301075 0.042624999999999955
5 0.5331397849462366 0.57378125 0.02619354838709679 0.04081250000000001
5 0.5056989247311828 0.54896875 0.021548387096774153 0.03990624999999994