7 0.4049032258064516 0.153875 0.02083870967741935 0.03053124999999999
2 0.5150967741935484 0.1540625 0.018043010752688143 0.029343750000000002
3 0.6069892473118279 0.15628124999999998 0.02464516129032266 0.03053124999999999
1 0.5048387096774194 0.36703125000000003 0.020537634408602175 0.03384375000000004
5 0.3070967741935484 0.7416875 0.024580645161290337 0.040156250000000074
0 0.42630107526881716 0.8375625 0.025204301075268876 0.030375000000000086
4 0.5129032258064516 0.56340625 0.025354838709677464 0.02709375000000005
6 0.24918279569892474 0.40912499999999996 0.023053763440860214 0.03887499999999999
5 0.31376344086021507 0.8159375000000001 0.026838709677419394 0.04371875000000003
5 0.5775698924731183 0.6249687500000001 0.023225806451612804 0.03693749999999998
5 0.4038709677419355 0.55746875 0.02537634408602153 0.03531250000000004
5 0.5333118279569893 0.7691874999999999 0.023935483870967732 0.04084374999999998
5 0.5848387096774194 0.78290625 0.02550537634408605 0.04112500000000008
5 0.4800430107526882 0.6545 0.024752688172042993 0.03640624999999993
5 0.4964301075268817 0.83746875 0.026172043010752724 0.02953125000000014
5 0.4511182795698925 0.65859375 0.02651612903225803 0.03987499999999997
5 0.47234408602150535 0.6324062500000001 0.025268817204301075 0.021656250000000023
5 0.5928172043010753 0.73490625 0.023118279569892472 0.035781249999999966
5 0.584258064516129 0.59271875 0.02417204301075271 0.03528125000000006
5 0.48516129032258065 0.5724375 0.02204301075268817 0.03359375
5 0.5251612903225806 0.6178125 0.023161290322580606 0.033187500000000016
5 0.5223655913978494 0.58703125 0.02443010752688175 0.024281249999999942