7 0.4049032258064516 0.153875 0.02083870967741935 0.03053124999999999
2 0.5060645161290322 0.15687500000000001 0.018043010752688143 0.029343750000000002
3 0.6086236559139785 0.15628124999999998 0.02464516129032266 0.03053124999999999
1 0.5048387096774194 0.36703125000000003 0.020537634408602175 0.03384375000000004
5 0.844 0.65346875 0.024580645161290215 0.03631250000000001
0 0.5060645161290322 0.75046875 0.024666666666666726 0.04115625000000005
0 0.5070322580645161 0.575125 0.024301075268817227 0.023281249999999965
6 0.2066236559139785 0.6849999999999999 0.02686021505376346 0.03990624999999994
5 0.4290322580645161 0.8283437499999999 0.026838709677419394 0.04371875000000003
5 0.4815268817204301 0.65925 0.024107526881720385 0.03831249999999997
5 0.5050967741935484 0.6515 0.02537634408602153 0.03531250000000004
5 0.5478279569892474 0.6584375 0.023935483870967732 0.04084374999999998
5 0.4720645161290322 0.636 0.02522580645161294 0.03206249999999997
5 0.49490322580645163 0.63125 0.022215053763440826 0.021187499999999915
5 0.517505376344086 0.63715625 0.019655913978494595 0.031593750000000045
5 0.5401075268817204 0.6336875 0.022838709677419303 0.024656249999999956
5 0.4846451612903226 0.61575 0.025548387096774185 0.01793750000000003
5 0.5066881720430108 0.617375 0.01901075268817199 0.015625
5 0.528731182795699 0.6149375 0.023956989247311797 0.014906249999999944
5 0.4948172043010753 0.60303125 0.02109677419354839 0.017468749999999922
5 0.5181505376344085 0.6011875 0.022838709677419366 0.016531250000000063
5 0.5055698924731182 0.5888125 0.028258064516129004 0.01537500000000005