7 0.4036989247311828 0.1555 0.02234408602150535 0.03300000000000001
2 0.5063655913978495 0.15840625 0.018924731182795723 0.027718750000000014
6 0.7914408602150538 0.1753125 0.023376344086021517 0.03518750000000002
3 0.6051612903225806 0.15659375 0.01800000000000001 0.03003125
1 0.5064086021505376 0.3668125 0.019376344086021485 0.03471875000000004
5 0.5057634408602151 0.5506875 0.024258064516128972 0.03168749999999996
0 0.5039139784946236 0.749 0.026215053763440854 0.038718749999999955
5 0.5189032258064517 0.6916875 0.024602150537634402 0.03674999999999997
5 0.36666666666666664 0.67734375 0.025462365591397796 0.04443750000000009
5 0.44847311827956987 0.599125 0.02253763440860219 0.03803125000000005
5 0.14466666666666667 0.5941562499999999 0.025505376344086006 0.038687499999999986
5 0.532279569892473 0.5738125000000001 0.021483870967741955 0.03656249999999996
4 0.505505376344086 0.5858125000000001 0.02578494623655916 0.04009374999999995
5 0.38944086021505375 0.591375 0.026623655913978486 0.0390625