3 0.6050967741935483 0.1555 0.02292473118279563 0.03456250000000001
7 0.4047311827956989 0.15646875 0.0191612903225807 0.03181249999999998
1 0.5055698924731182 0.36465625 0.021892473118279583 0.026531250000000027
2 0.5147741935483872 0.15078125 0.017548387096774247 0.02784374999999999
5 0.4039569892473118 0.554 0.024043010752688186 0.036250000000000074
5 0.3130967741935484 0.8167500000000001 0.02582795698924729 0.036250000000000074
5 0.5847741935483871 0.7850312500000001 0.024043010752688065 0.037531249999999974
5 0.5691827956989247 0.7255 0.02673118279569882 0.040124999999999925
5 0.48412903225806453 0.57534375 0.0276129032258064 0.03237500000000004
5 0.4511612903225806 0.6581875 0.022279569892473147 0.037531249999999974
5 0.47253763440860214 0.63746875 0.02049462365591392 0.029781249999999915
5 0.48055913978494624 0.6523749999999999 0.02049462365591392 0.031062499999999993
5 0.5210967741935484 0.5902499999999999 0.02673118279569894 0.036250000000000074
4 0.51352688172043 0.568875 0.022279569892473147 0.03237500000000004
5 0.49675268817204304 0.83775 0.028666666666666632 0.0208124999999999
0 0.4279784946236559 0.8370625 0.026752688172043005 0.025
5 0.3072043010752688 0.74040625 0.028258064516129004 0.03243749999999999
6 0.14068817204301076 0.7112499999999999 0.02950537634408602 0.03574999999999999
5 0.5159139784946236 0.61903125 0.02268817204301078 0.035531250000000014
5 0.5316129032258065 0.68625 0.02619354838709679 0.03806250000000002
5 0.5525806451612904 0.59871875 0.024451612903225815 0.03296875000000003
5 0.5599999999999999 0.6221875 0.02356989247311836 0.03424999999999993