7 0.40458064516129033 0.156 0.02090322580645167 0.03271875
2 0.5062150537634408 0.15796875 0.02092473118279574 0.031937499999999994
3 0.6045376344086022 0.157625 0.021569892473118222 0.03328125000000002
5 0.353247311827957 0.8163125000000001 0.028516129032258045 0.04265624999999993
6 0.298258064516129 0.47300000000000003 0.025548387096774185 0.04121874999999999
5 0.3052258064516129 0.4185625 0.02531182795698921 0.0359375
5 0.411741935483871 0.6559375000000001 0.024774193548387058 0.03693749999999998
5 0.507225806451613 0.6394062500000001 0.02286021505376343 0.035781249999999966
5 0.33636559139784944 0.73334375 0.029311827956989236 0.03896875000000009
5 0.46243010752688174 0.6319375 0.025182795698924686 0.03656249999999996
5 0.4680860215053763 0.60825 0.025999999999999947 0.03275000000000006
5 0.3534408602150538 0.71603125 0.02462365591397847 0.034218749999999964
4 0.5474623655913978 0.42134375 0.029655913978494545 0.04343749999999993
5 0.49821505376344083 0.61253125 0.024580645161290337 0.030625000000000034
5 0.5199354838709678 0.7790625 0.025763440860215092 0.04281250000000014
1 0.7190967741935483 0.047843750000000004 0.024129032258064575 0.038125
0 0.3349462365591398 0.79328125 0.027182795698924702 0.04184374999999996
5 0.15206451612903224 0.53840625 0.02638709677419357 0.03893749999999994
5 0.17369892473118279 0.64359375 0.029548387096774213 0.04684375000000003
5 0.4918709677419355 0.57540625 0.023591397849462424 0.04081250000000001