7 0.4049032258064516 0.153875 0.02083870967741935 0.03053124999999999
2 0.5150967741935484 0.1540625 0.018043010752688143 0.029343750000000002
3 0.6086236559139785 0.15628124999999998 0.02464516129032266 0.03053124999999999
1 0.5048387096774194 0.36703125000000003 0.020537634408602175 0.03384375000000004
5 0.3070967741935484 0.7416875 0.024580645161290337 0.040156250000000074
0 0.42630107526881716 0.8375625 0.025204301075268876 0.030375000000000086
4 0.5129032258064516 0.56340625 0.025354838709677464 0.02709375000000005
6 0.346258064516129 0.24296875 0.02686021505376346 0.03990625000000003
5 0.31376344086021507 0.8159375000000001 0.026838709677419394 0.04371875000000003
5 0.3580215053763441 0.5644375 0.024107526881720385 0.03831249999999997
5 0.4038709677419355 0.55746875 0.02537634408602153 0.03531250000000004
5 0.5698924731182796 0.729625 0.023935483870967732 0.04084374999999998
5 0.5848387096774194 0.78290625 0.02550537634408605 0.04112500000000008
5 0.4800430107526882 0.6545 0.024752688172042993 0.03640624999999993
5 0.4964301075268817 0.83746875 0.026172043010752724 0.02953125000000014
5 0.4511182795698925 0.65859375 0.02651612903225803 0.03987499999999997
5 0.47234408602150535 0.6324062500000001 0.025268817204301075 0.021656250000000023
5 0.5024516129032258 0.6264375 0.02240860215053767 0.03371875000000006
5 0.5288817204301075 0.62584375 0.02253763440860219 0.030124999999999957
5 0.48516129032258065 0.5724375 0.02204301075268817 0.03359375
5 0.5145161290322581 0.60175 0.02206451612903224 0.01931250000000002
5 0.5218279569892473 0.5874375 0.02443010752688175 0.024281249999999942