3 0.6071397849462365 0.15603125 0.02204301075268817 0.03678124999999999
2 0.5056344086021506 0.1566875 0.020860215053763415 0.025562500000000023
7 0.4039784946236559 0.15528124999999998 0.022150537634408628 0.032187499999999994
0 0.5046236559139785 0.7502187499999999 0.024322580645161296 0.04031249999999993
1 0.5065376344086021 0.36540625000000004 0.019784946236559114 0.03268750000000002
6 0.6086451612903225 0.60465625 0.024301075268817106 0.04053125000000009
4 0.46920430107526884 0.68571875 0.026086021505376335 0.03790624999999999
5 0.3904731182795699 0.58896875 0.02339784946236558 0.03531250000000004
5 0.4156559139784946 0.6308125 0.025182795698924686 0.04053125000000009
5 0.4489462365591398 0.5955 0.028795698924731154 0.03531250000000004
5 0.49483870967741933 0.63603125 0.02159139784946241 0.03531250000000004
5 0.5177849462365591 0.63734375 0.024301075268817227 0.03268749999999994
5 0.5051827956989248 0.54778125 0.024301075268817227 0.03137500000000006
5 0.5326236559139784 0.5739375 0.02339784946236558 0.03399999999999999