6 0.3521505376344086 0.7516875 0.02651612903225803 0.04006249999999998
0 0.5056344086021506 0.74934375 0.024731182795698924 0.03859375000000007
5 0.8561505376344086 0.6573125 0.024322580645161174 0.040437499999999994
7 0.40376344086021504 0.1536875 0.02109677419354839 0.032343749999999984
2 0.5393333333333333 0.096125 0.019247311827956966 0.030937499999999996
3 0.6037849462365591 0.15559375 0.020688172043010763 0.03199999999999999
5 0.566258064516129 0.25375000000000003 0.02238709677419348 0.033624999999999974
1 0.5041075268817204 0.36428125 0.022645161290322523 0.034781249999999986
5 0.49470967741935484 0.646125 0.02664516129032255 0.037374999999999936
5 0.5201075268817205 0.6390625 0.023118279569892472 0.03528125000000006
5 0.47378494623655915 0.5995625 0.026215053763440854 0.03243749999999999
5 0.5226236559139785 0.60696875 0.02556989247311825 0.03303124999999998
5 0.5056129032258064 0.5898749999999999 0.024924731182795645 0.03203125
5 0.48047311827956984 0.6209374999999999 0.023763440860215077 0.03368749999999991
4 0.5077204301075269 0.5675625 0.02490322580645158 0.02243750000000002
5 0.5036774193548387 0.62025 0.02240860215053767 0.025281249999999922