2 0.5055913978494624 0.15284375 0.01860215053763436 0.03209374999999999
5 0.4927956989247312 0.63334375 0.02092473118279574 0.03715624999999996
5 0.4712903225806452 0.6409374999999999 0.022086021505376304 0.038843750000000024
5 0.48118279569892475 0.657 0.023247311827956994 0.030406250000000058
5 0.6617204301075269 0.80796875 0.02752688172043001 0.04181249999999999
7 0.39544086021505376 0.14750000000000002 0.01929032258064522 0.025375000000000016
5 0.7669462365591397 0.5568125 0.022967741935483763 0.03865625000000002
3 0.7106881720430108 0.033187499999999995 0.016086021505376382 0.02878125
1 0.5028602150537634 0.36490625 0.02294623655913982 0.02806249999999997
4 0.5063440860215054 0.584125 0.020666666666666694 0.03603124999999992
6 0.7016344086021505 0.47450000000000003 0.024795698924731123 0.03903125000000003
5 0.5481935483870968 0.7815624999999999 0.023763440860215077 0.04353125000000002
0 0.6230967741935484 0.8311249999999999 0.028924731182795798 0.028531249999999987
5 0.4872258064516129 0.72978125 0.02789247311827963 0.03903125000000003
5 0.7837849462365591 0.833375 0.02789247311827963 0.02403125000000017