7 0.4039139784946236 0.15525 0.021139784946236525 0.029625000000000012
2 0.5054623655913978 0.15525 0.020387096774193588 0.029625000000000012
3 0.6051182795698925 0.15578125 0.020387096774193588 0.028531249999999987
1 0.5043225806451612 0.3664375 0.021139784946236525 0.03950000000000005
4 0.5469677419354838 0.42628125 0.023634408602150558 0.03434375000000003
5 0.5029032258064516 0.619125 0.023634408602150558 0.03590625000000003
5 0.46905376344086025 0.6081875 0.02686021505376346 0.03903125000000003
5 0.1724731182795699 0.64178125 0.02686021505376346 0.040593750000000026
5 0.3046451612903226 0.42003124999999997 0.022559139784946256 0.02809375000000003
5 0.49268817204301074 0.5730625 0.029010752688172062 0.03434375000000003
0 0.3367956989247312 0.79040625 0.027827956989247307 0.036093749999999855
5 0.33778494623655914 0.7304999999999999 0.02582795698924729 0.037531249999999974
5 0.1526021505376344 0.538 0.029354838709677433 0.04121874999999999
5 0.20012903225806453 0.74890625 0.029612903225806474 0.04024999999999999
5 0.5193333333333333 0.77584375 0.028258064516129004 0.047499999999999966
5 0.5070752688172043 0.63821875 0.021053763440860258 0.03165624999999998
5 0.3548817204301076 0.7186874999999999 0.02516129032258062 0.03524999999999991
5 0.3540215053763441 0.8156874999999999 0.021505376344086023 0.03978125000000006
5 0.40946236559139787 0.65253125 0.027290322580645156 0.043624999999999935
5 0.4628602150537634 0.6314062500000001 0.02638709677419351 0.035500000000000045
6 0.7630107526881721 0.16096875 0.019870967741935502 0.036093749999999994