7 0.1741505376344086 0.44065624999999997 0.022494623655913995 0.03656249999999996
2 0.5055483870967742 0.15731250000000002 0.019376344086021485 0.029812499999999974
3 0.6049247311827958 0.15775 0.019032258064516177 0.036125000000000004
1 0.5056989247311828 0.36509375 0.022774193548387042 0.03621875000000001
6 0.15008602150537637 0.57190625 0.022236559139784954 0.03734374999999997
5 0.1478709677419355 0.60440625 0.024107526881720447 0.04081250000000001
0 0.5049247311827957 0.7495625 0.02556989247311825 0.04090624999999992
4 0.4656989247311828 0.7813749999999999 0.029591397849462346 0.0421875
5 0.3658494623655914 0.67834375 0.027161290322580637 0.0390625
5 0.39004301075268816 0.59090625 0.024666666666666726 0.042624999999999955
5 0.44989247311827957 0.599 0.025268817204301075 0.042624999999999955
5 0.47593548387096773 0.58321875 0.021548387096774153 0.03990624999999994