7 0.3265376344086022 0.11884375 0.02234408602150535 0.03300000000000001
2 0.5063655913978495 0.15840625 0.018924731182795723 0.027718750000000014
6 0.7424731182795699 0.68340625 0.024989247311827965 0.042593749999999986
3 0.6051612903225806 0.15659375 0.01800000000000001 0.03003125
1 0.5225591397849463 0.39028125 0.019376344086021485 0.03471874999999995
5 0.6447096774193549 0.53015625 0.023763440860214955 0.03903125000000003
5 0.8132043010752688 0.60696875 0.02410752688172051 0.03309374999999992
5 0.576494623655914 0.52625 0.023440860215053715 0.037093750000000016
5 0.8593548387096774 0.62446875 0.02253763440860219 0.03803125000000005
5 0.6904086021505377 0.6526562499999999 0.027032258064516236 0.03874999999999993
4 0.8429247311827957 0.57115625 0.02578494623655916 0.04009374999999995
5 0.46382795698924734 0.4894375 0.021075268817204326 0.03465624999999992
0 0.5046021505376344 0.75078125 0.027548387096774197 0.038374999999999916