3 0.6050967741935483 0.1555 0.02292473118279563 0.03456250000000001
7 0.4047311827956989 0.15646875 0.0191612903225807 0.03181249999999998
1 0.5055698924731182 0.36465625 0.021892473118279583 0.026531250000000027
6 0.4575268817204301 0.0566875 0.02146236559139789 0.025531250000000005
2 0.5063010752688172 0.15521875000000002 0.017569892473118316 0.026937500000000014
5 0.1433978494623656 0.5897187500000001 0.023419354838709647 0.03403124999999996
5 0.3663010752688172 0.67759375 0.02827956989247307 0.039687499999999966
5 0.3877634408602151 0.589 0.026344086021505377 0.043937500000000004
5 0.45068817204301076 0.599625 0.023419354838709647 0.036843750000000064
5 0.6165376344086021 0.59184375 0.02146236559139789 0.04109374999999993
5 0.5316559139784947 0.5705625000000001 0.023419354838709647 0.03543749999999992
5 0.5058064516129032 0.54859375 0.024387096774193495 0.031187500000000055
4 0.5053118279569893 0.58475 0.023419354838709647 0.03259375000000002
0 0.5038494623655914 0.74775 0.024387096774193495 0.03828125