3 0.6050967741935483 0.1555 0.02292473118279563 0.03456250000000001
7 0.4047311827956989 0.15646875 0.0191612903225807 0.03181249999999998
1 0.5055698924731182 0.36465625 0.021892473118279583 0.026531250000000027
2 0.5147741935483872 0.15078125 0.017548387096774247 0.02784374999999999
0 0.4609247311827957 0.8225 0.027698924731182784 0.03746875000000003
5 0.5268817204301075 0.61853125 0.02118279569892478 0.030781250000000072
5 0.5111827956989247 0.60484375 0.022752688172042977 0.028500000000000015
5 0.5029247311827957 0.62609375 0.023526881720430104 0.03562499999999993
5 0.5386881720430108 0.6360625 0.024516129032258017 0.03275000000000006
5 0.48135483870967744 0.6510312500000001 0.023526881720430104 0.03703125000000007
5 0.45243010752688173 0.6602812499999999 0.02253763440860219 0.029906249999999978
5 0.6159139784946236 0.64540625 0.024602150537634527 0.04212500000000006
5 0.5675483870967742 0.72409375 0.0227526881720431 0.03356250000000003
5 0.5258709677419355 0.7328125 0.022021505376344105 0.036687500000000026
4 0.5090967741935484 0.56703125 0.026688172043010806 0.02234374999999993
5 0.3576559139784946 0.5646875 0.024064516129032255 0.03746875000000003
6 0.26604301075268816 0.61565625 0.021978494623655913 0.03746875000000003
5 0.5669677419354838 0.76834375 0.02578494623655916 0.02915624999999995
5 0.48434408602150536 0.57121875 0.021010752688172003 0.02915624999999995
5 0.3415268817204301 0.8183125 0.02578494623655916 0.04024999999999999
5 0.5230537634408602 0.588875 0.018881720430107468 0.027437499999999913
5 0.47159139784946236 0.63790625 0.024602150537634402 0.034062499999999926