2 0.5056559139784946 0.15553125 0.019247311827956966 0.030937500000000017
3 0.6037849462365591 0.15559375 0.020688172043010763 0.03199999999999999
5 0.3689677419354839 0.42509375 0.02705376344086018 0.04284374999999994
4 0.5072688172043011 0.5756875 0.02490322580645158 0.02243750000000002
7 0.4045376344086022 0.156375 0.019311827956989287 0.030406250000000013
6 0.6673978494623656 0.035625000000000004 0.022774193548387164 0.03521875
0 0.5049892473118279 0.75103125 0.026215053763440854 0.04096875000000004
1 0.5037849462365591 0.366 0.023462365591397902 0.03571875000000002
5 0.5275483870967742 0.6820625 0.02726881720430109 0.03484374999999993
5 0.47600000000000003 0.65921875 0.023591397849462424 0.03300000000000001
5 0.5064731182795699 0.65121875 0.022150537634408628 0.03300000000000001
5 0.5291397849462366 0.6510312500000001 0.025720430107526837 0.03312500000000007
5 0.4726021505376344 0.6323125 0.02470967741935486 0.02631250000000005
5 0.49451612903225806 0.63534375 0.02083870967741935 0.027937499999999994
5 0.5175483870967742 0.63728125 0.02165591397849461 0.030031250000000044
5 0.5415483870967742 0.63453125 0.025010752688172034 0.02365624999999998
5 0.48273118279569893 0.61484375 0.023591397849462424 0.016218749999999994
5 0.5061720430107527 0.6159375 0.02522580645161294 0.014000000000000058
5 0.5299784946236559 0.61653125 0.02326881720430106 0.013406250000000064
5 0.49445161290322576 0.6018749999999999 0.022559139784946256 0.012531249999999971
5 0.5180430107526881 0.60225 0.0238924731182796 0.014156249999999915
5 0.5057634408602151 0.589125 0.024408602150537684 0.011906250000000007