7 0.40516129032258064 0.15553125 0.02234408602150535 0.03300000000000001
3 0.6051612903225806 0.15659375 0.01800000000000001 0.03003125
1 0.5049677419354839 0.36640625 0.023526881720430104 0.03731249999999999
5 0.4543655913978495 0.65696875 0.02223655913978489 0.028718749999999994
5 0.4475268817204301 0.6280625 0.022387096774193604 0.03096875000000008
4 0.5065376344086021 0.56375 0.023913978494623667 0.023343750000000087
0 0.462 0.8249375000000001 0.025139784946236553 0.04328125000000007
6 0.5257849462365591 0.05265625 0.022817204301075297 0.03325
5 0.5406021505376344 0.6371249999999999 0.022881720430107496 0.03659374999999994
5 0.41180645161290325 0.6370312499999999 0.023569892473118234 0.03499999999999996
5 0.4444086021505376 0.67871875 0.02516129032258062 0.03987499999999997
5 0.40795698924731183 0.6139375 0.025548387096774185 0.03021875000000005
5 0.4810537634408602 0.65334375 0.02367741935483869 0.03428125000000008
5 0.5691182795698925 0.72734375 0.024193548387096774 0.03434375000000003
5 0.3587096774193549 0.56365625 0.022021505376344105 0.03643750000000008
5 0.5013118279569893 0.62325 0.024838709677419378 0.025999999999999978
5 0.6176559139784946 0.6488125 0.024838709677419257 0.03459374999999998
5 0.511505376344086 0.60071875 0.027849462365591375 0.020343749999999973
5 0.5066021505376344 0.58509375 0.02681720430107533 0.015468749999999965
5 0.5279139784946236 0.7375 0.024645161290322536 0.03390625000000007
2 0.5133333333333333 0.1519375 0.018924731182795723 0.027718750000000014
5 0.5304301075268817 0.62471875 0.02232258064516128 0.025656249999999936