2 0.5056559139784946 0.15553125 0.019247311827956966 0.030937500000000017
3 0.6037849462365591 0.15559375 0.020688172043010763 0.03199999999999999
4 0.5048172043010752 0.5676249999999999 0.026946236559139726 0.025937500000000037
7 0.4045376344086022 0.156375 0.019311827956989287 0.030406250000000013
6 0.7168172043010752 0.089625 0.022838709677419366 0.03556249999999998
1 0.5037849462365591 0.366 0.023462365591397902 0.03571875000000002
5 0.4963440860215054 0.6760937499999999 0.025139784946236553 0.03021875000000005
5 0.37223655913978493 0.8159375000000001 0.026150537634408656 0.03671875
5 0.4721075268817204 0.63990625 0.022150537634408628 0.03300000000000001
5 0.5659354838709678 0.60721875 0.024752688172042993 0.03731249999999999
5 0.49490322580645163 0.6379374999999999 0.021634408602150542 0.03140625000000004
5 0.5166666666666667 0.6388125 0.023247311827956994 0.034218749999999964
5 0.6161720430107527 0.61403125 0.025655913978494517 0.03759374999999991
5 0.4813978494623656 0.618875 0.026430107526881765 0.02056249999999995
5 0.5047096774193548 0.6168437499999999 0.02556989247311825 0.020343749999999973
5 0.4758709677419355 0.68534375 0.024860215053763447 0.037124999999999984
5 0.5179139784946237 0.60928125 0.021225806451612914 0.02843750000000007
5 0.546989247311828 0.680625 0.029139784946236584 0.04162499999999998
5 0.49430107526881717 0.6011562500000001 0.022387096774193604 0.015750000000000063
0 0.5052903225806452 0.74909375 0.02584946236559136 0.04315625000000001
5 0.742752688172043 0.66603125 0.027634408602150586 0.04468750000000003
5 0.5028602150537634 0.5886875 0.022215053763440826 0.016125000000000077