3 0.6050967741935483 0.1555 0.02292473118279563 0.03456250000000001
7 0.4047311827956989 0.15646875 0.0191612903225807 0.03181249999999998
1 0.5055698924731182 0.36465625 0.021892473118279583 0.026531250000000027
2 0.5056344086021506 0.15659375 0.020322580645161265 0.028249999999999977
6 0.22698924731182796 0.67509375 0.022967741935483885 0.03849999999999998
5 0.14440860215053763 0.5929375 0.023849462365591406 0.04106249999999996
5 0.3634408602150538 0.6769999999999999 0.023849462365591344 0.042343750000000034
5 0.3899354838709677 0.58846875 0.023849462365591344 0.03465624999999992
5 0.45045161290322583 0.5974375000000001 0.022967741935483885 0.03465624999999992
5 0.5321505376344086 0.57178125 0.022086021505376304 0.03465624999999992
5 0.5052043010752688 0.5493125 0.021204301075268845 0.028250000000000063
4 0.5052043010752688 0.58203125 0.024731182795698924 0.03209374999999994
0 0.5052043010752688 0.74825 0.021204301075268845 0.0359375