7 0.40344086021505376 0.15646875 0.024258064516128972 0.030843750000000014
1 0.5040430107526882 0.36512500000000003 0.021225806451612914 0.033781250000000006
2 0.5058279569892473 0.15525 0.021139784946236525 0.029625000000000012
3 0.6047311827956989 0.15578125 0.019634408602150526 0.028531249999999987
6 0.7312043010752688 0.13821875 0.02189247311827946 0.035093750000000014
5 0.5050752688172043 0.549625 0.021139784946236525 0.03731249999999999
5 0.531505376344086 0.5726875 0.022645161290322523 0.035093750000000055
5 0.4492043010752688 0.597375 0.021139784946236525 0.03399999999999999
5 0.3895698924731183 0.59134375 0.022645161290322523 0.03731249999999999
5 0.36541935483870963 0.6774375 0.025677419354838703 0.036218749999999925
5 0.1449032258064516 0.5926875 0.025010752688172034 0.03903125000000003
4 0.5046451612903226 0.58528125 0.024064516129032255 0.03496874999999999
0 0.503247311827957 0.7487812500000001 0.02313978494623654 0.03634374999999999