3 0.6066236559139785 0.15721875000000002 0.022645161290322523 0.032906250000000005
2 0.507010752688172 0.15609375 0.020322580645161265 0.030656250000000006
7 0.4038924731182796 0.15553125 0.023440860215053715 0.031781250000000004
4 0.5060430107526882 0.58075 0.02434408602150536 0.03878125000000008
5 0.4966236559139785 0.6115625 0.02434408602150536 0.034218749999999964
5 0.42870967741935484 0.45125000000000004 0.02354838709677417 0.035374999999999976
5 0.15249462365591396 0.534625 0.025333333333333336 0.038093749999999996
5 0.15572043010752687 0.68684375 0.027225806451612895 0.03337500000000002
5 0.46232258064516124 0.629875 0.02204301075268817 0.03203125
5 0.46774193548387094 0.60890625 0.024860215053763447 0.036687500000000026
0 0.47655913978494624 0.71784375 0.027247311827957022 0.03903125000000003
5 0.2751612903225807 0.6771874999999999 0.02408602150537635 0.04018750000000004
1 0.7092903225806452 0.057625 0.017182795698924752 0.030749999999999993
6 0.5896344086021506 0.6385 0.02567741935483883 0.04387500000000007
5 0.40202150537634407 0.68678125 0.024924731182795645 0.03731249999999999
5 0.3363440860215054 0.6489375 0.024924731182795645 0.036218749999999925