2 0.506258064516129 0.15628124999999998 0.019247311827956966 0.030937500000000017
3 0.6037849462365591 0.15559375 0.020688172043010763 0.03199999999999999
5 0.3746021505376344 0.8163125000000001 0.025075268817204354 0.041874999999999926
4 0.5034623655913979 0.56775 0.02408602150537632 0.024843749999999963
5 0.4553763440860215 0.648875 0.02522580645161294 0.03587500000000006
7 0.4071182795698925 0.158 0.019311827956989287 0.030406250000000013
6 0.6416129032258066 0.74471875 0.02726881720430097 0.03896875000000009
5 0.5656559139784946 0.60465625 0.0249032258064517 0.0390625
0 0.5043440860215054 0.75128125 0.026215053763440854 0.04096875000000004
1 0.5062150537634408 0.3658125 0.01961290322580646 0.028531249999999987
5 0.4728172043010753 0.63628125 0.020473118279569852 0.03300000000000001
5 0.4940215053763441 0.637 0.021612903225806477 0.03443749999999994
5 0.5166021505376344 0.6370625000000001 0.023763440860215077 0.03643750000000008
5 0.4844731182795699 0.614 0.02354838709677417 0.01587499999999995
5 0.5065376344086021 0.6148125 0.022107526881720373 0.015062499999999979
5 0.49434408602150537 0.6013124999999999 0.02354838709677417 0.013687499999999986
5 0.5023870967741936 0.58646875 0.02582795698924729 0.01587499999999995
5 0.5186451612903226 0.60565625 0.02225806451612908 0.02546874999999993