6 0.5924301075268817 0.6725 0.026516129032258154 0.04006249999999998
5 0.5171182795698925 0.638375 0.024322580645161296 0.040437499999999994
7 0.40376344086021504 0.1536875 0.02109677419354839 0.032343749999999984
2 0.5069032258064516 0.15537499999999999 0.019247311827956966 0.030937500000000017
3 0.6037849462365591 0.15559375 0.020688172043010763 0.03199999999999999
5 0.5646021505376344 0.60378125 0.024516129032258017 0.03599999999999994
1 0.5041075268817204 0.36428125 0.022645161290322523 0.034781249999999986
5 0.3729677419354839 0.81665625 0.02664516129032255 0.037375000000000026
5 0.5187096774193548 0.604375 0.01967741935483866 0.026125000000000044
5 0.4550107526881721 0.6522812499999999 0.025075268817204354 0.041874999999999926
5 0.4941935483870968 0.63553125 0.022967741935483885 0.03368749999999991
5 0.47258064516129034 0.6363125000000001 0.02354838709677417 0.034781249999999986
4 0.5042795698924731 0.5681875 0.02490322580645158 0.02243750000000002
5 0.483247311827957 0.61434375 0.020688172043010763 0.017875000000000085
5 0.5050752688172043 0.61378125 0.021741935483870996 0.013593750000000071
5 0.49531182795698925 0.60165625 0.02204301075268817 0.014937499999999914
5 0.5049892473118279 0.58709375 0.02591397849462368 0.016499999999999914
5 0.5480215053763442 0.6759375000000001 0.022645161290322582 0.03674999999999997