2 0.5056559139784946 0.15553125 0.019247311827956966 0.030937500000000017
3 0.6037849462365591 0.15559375 0.020688172043010763 0.03199999999999999
4 0.545741935483871 0.41990625000000004 0.029419354838709694 0.03340624999999999
7 0.4045376344086022 0.156375 0.019311827956989287 0.030406250000000013
6 0.5512258064516129 0.6894375 0.027290322580645277 0.03959375000000005
1 0.5037849462365591 0.366 0.023462365591397902 0.03571875000000002
5 0.2906666666666667 0.42756249999999996 0.02726881720430109 0.03484374999999993
5 0.17533333333333334 0.642625 0.026150537634408593 0.03671875
5 0.4760860215053763 0.661 0.022150537634408628 0.03300000000000001
5 0.5744086021505377 0.655 0.024752688172042993 0.03731249999999999
5 0.49451612903225806 0.63534375 0.02083870967741935 0.027937499999999994
5 0.5065161290322581 0.65471875 0.023247311827956994 0.034218749999999964
5 0.594967741935484 0.60709375 0.025655913978494517 0.03759374999999991
5 0.4789032258064516 0.624375 0.024236559139784907 0.03156250000000007
5 0.502021505376344 0.61453125 0.024580645161290337 0.030749999999999923
5 0.6444086021505376 0.6568125 0.024860215053763325 0.037124999999999984
5 0.49286021505376343 0.5744374999999999 0.02320430107526886 0.033937500000000044
5 0.5836559139784946 0.70721875 0.026129032258064466 0.03834374999999994
5 0.49440860215053767 0.54959375 0.02408602150537632 0.02865625000000005
5 0.8514623655913979 0.49365625 0.024129032258064575 0.03662500000000009