6 0.636021505376344 0.6301249999999999 0.02726881720430097 0.03896875000000009
7 0.40376344086021504 0.1536875 0.02109677419354839 0.032343749999999984
2 0.5072043010752688 0.15609375 0.019247311827956966 0.030937500000000017
3 0.6037849462365591 0.15559375 0.020688172043010763 0.03199999999999999
1 0.5041075268817204 0.36428125 0.022645161290322523 0.034781249999999986
5 0.45359139784946234 0.65065625 0.025999999999999947 0.03699999999999992
5 0.37410752688172044 0.8186875 0.025075268817204354 0.041874999999999926
5 0.5492688172043011 0.67890625 0.025978494623655878 0.037531249999999974
5 0.47141935483870967 0.6385625 0.02354838709677417 0.034781249999999986
4 0.5043655913978494 0.5674375 0.02490322580645158 0.02243750000000002
5 0.49475268817204304 0.63625 0.023333333333333383 0.036687500000000026
5 0.5161075268817205 0.63671875 0.0249677419354839 0.03484374999999993
5 0.5656559139784946 0.60603125 0.024301075268817106 0.03915624999999991
5 0.4823225806451613 0.6163125 0.02292473118279575 0.019593749999999945
5 0.5055913978494624 0.61475 0.02670967741935487 0.020781249999999928
5 0.49533333333333335 0.6018749999999999 0.024064516129032255 0.01668749999999992
5 0.5180860215053763 0.605 0.02092473118279574 0.025843749999999943
5 0.5044301075268818 0.58828125 0.024408602150537684 0.01981249999999992