2 0.5064516129032258 0.156 0.02273118279569891 0.028125
3 0.6050967741935483 0.1555 0.02292473118279563 0.03456250000000001
0 0.5048602150537634 0.74678125 0.02490322580645158 0.03946874999999998
7 0.406494623655914 0.1580625 0.018322580645161252 0.03659375000000002
6 0.6566881720430108 0.31615625 0.019462365591397753 0.03659375000000002
1 0.5055483870967742 0.3660625 0.020881720430107484 0.02909375000000001
4 0.504258064516129 0.58353125 0.02348387096774197 0.031625000000000014
5 0.5312258064516129 0.569625 0.02348387096774197 0.03918750000000006
5 0.5055483870967742 0.548125 0.022623655913978455 0.03412500000000005
5 0.519483870967742 0.6910000000000001 0.022623655913978455 0.03918750000000006
5 0.4494408602150538 0.5968125 0.02002150537634409 0.03540624999999995
5 0.3889462365591398 0.58859375 0.020881720430107484 0.03665625000000006
5 0.36546236559139783 0.6758437500000001 0.01913978494623651 0.03918750000000006
5 0.1435698924731183 0.59175 0.02436559139784949 0.03540624999999995