7 0.40458064516129033 0.156 0.02090322580645167 0.03271875
2 0.5062150537634408 0.15796875 0.02092473118279574 0.031937499999999994
3 0.6045376344086022 0.157625 0.021569892473118222 0.03328125000000002
1 0.5060215053763442 0.36625 0.024129032258064575 0.038124999999999964
5 0.35391397849462364 0.81815625 0.028516129032258045 0.04265624999999993
0 0.3355483870967742 0.79396875 0.02847311827956991 0.04859374999999995
6 0.5241935483870968 0.47840625000000003 0.025483870967741986 0.04146874999999994
5 0.3052258064516129 0.4185625 0.02531182795698921 0.0359375
5 0.44649462365591397 0.6374375 0.024774193548387058 0.03693749999999998
5 0.5191827956989247 0.7774375 0.024494623655913948 0.03831249999999997
5 0.507225806451613 0.6394062500000001 0.02286021505376343 0.035781249999999966
5 0.33636559139784944 0.73334375 0.029311827956989236 0.03896875000000009
5 0.48268817204301073 0.6259375 0.025182795698924686 0.03656249999999996
5 0.4680860215053763 0.60825 0.025999999999999947 0.03275000000000006
5 0.3534408602150538 0.71603125 0.02462365591397847 0.034218749999999964
5 0.49217204301075274 0.5730625 0.028043010752688217 0.039406250000000045
4 0.5474623655913978 0.42134375 0.029655913978494607 0.043437499999999976
5 0.5034193548387097 0.61421875 0.024107526881720385 0.028156249999999973
5 0.2030752688172043 0.7503124999999999 0.026408602150537638 0.040718749999999915
5 0.1744301075268817 0.6441250000000001 0.025763440860215033 0.04281249999999996
5 0.15156989247311828 0.535625 0.026301075268817184 0.04024999999999999