7 0.4039139784946236 0.15525 0.021139784946236525 0.029625000000000012
2 0.5054623655913978 0.15525 0.020387096774193588 0.029625000000000012
3 0.6051182795698925 0.15578125 0.020387096774193588 0.028531249999999987
1 0.5048387096774194 0.36903125000000003 0.02043010752688172 0.043062500000000004
6 0.47520430107526884 0.54353125 0.026580645161290353 0.03565625000000008
0 0.5023010752688172 0.74696875 0.023505376344086035 0.03565625000000008
5 0.3750537634408602 0.8145312499999999 0.030666666666666648 0.04009375000000013
5 0.5661720430107526 0.6021875 0.026580645161290353 0.037124999999999984
5 0.502774193548387 0.58890625 0.022795698924731232 0.017624999999999957
5 0.5170752688172043 0.60725 0.024258064516128972 0.027500000000000035
5 0.4935483870967742 0.6023125 0.025698924731182772 0.014812500000000029
5 0.4831182795698925 0.615 0.019397849462365554 0.014812500000000029
5 0.5056774193548387 0.614625 0.025698924731182772 0.01974999999999998
5 0.47197849462365593 0.6340312499999999 0.027161290322580637 0.034531250000000034
5 0.49524731182795695 0.634375 0.02036559139784952 0.03524999999999991
5 0.5168387096774194 0.63509375 0.023763440860215077 0.03524999999999991