3 0.6071397849462365 0.15603125 0.02204301075268817 0.03678124999999999
2 0.5056344086021506 0.1566875 0.020860215053763415 0.025562500000000023
7 0.4039784946236559 0.15528124999999998 0.022150537634408628 0.032187499999999994
1 0.5050537634408602 0.36546875 0.020408602150537653 0.033218749999999984
5 0.3889462365591398 0.5900624999999999 0.022150537634408628 0.03512500000000003
5 0.4493548387096774 0.5954375 0.026172043010752724 0.03412500000000005
5 0.4161290322580645 0.6339375 0.026838709677419394 0.039000000000000055
5 0.4943225806451613 0.637375 0.026172043010752724 0.036093750000000036
5 0.5181505376344085 0.6388125 0.022817204301075297 0.03706250000000004
5 0.47686021505376347 0.5769062500000001 0.02348387096774197 0.03412500000000005
5 0.5053978494623655 0.548125 0.02417204301075271 0.029250000000000043
5 0.5325806451612903 0.5725 0.02348387096774197 0.03512500000000003
6 0.5100860215053763 0.60128125 0.02417204301075271 0.032187500000000036
4 0.4698279569892473 0.685625 0.021483870967741955 0.03706250000000004