2 0.5056344086021506 0.1566875 0.020860215053763415 0.025562500000000023
0 0.5046236559139785 0.7502187499999999 0.024322580645161296 0.04031249999999993
1 0.5055913978494624 0.36396875 0.02092473118279574 0.028718749999999994
7 0.3250322580645161 0.11615625 0.01944086021505381 0.03209374999999999
5 0.3814193548387097 0.56925 0.02322580645161293 0.031874999999999966
5 0.6440645161290323 0.5321875 0.01935483870967742 0.03093749999999993
5 0.49434408602150537 0.6058125000000001 0.01677419354838712 0.03375000000000004
5 0.4882150537634409 0.63253125 0.020000000000000025 0.02531250000000007
5 0.4882150537634409 0.65128125 0.021290322580645112 0.029062500000000036
5 0.520494623655914 0.63628125 0.021290322580645112 0.027187499999999965
5 0.5256559139784946 0.6588125 0.02516129032258062 0.0328125
5 0.5014408602150537 0.6663125 0.02322580645161293 0.038437500000000034
5 0.4662795698924731 0.67521875 0.02258064516129032 0.03375000000000004
5 0.4365806451612903 0.67803125 0.023870967741935534 0.03375000000000004
4 0.8421935483870968 0.57175 0.028387096774193647 0.038718749999999955
5 0.6109677419354839 0.58009375 0.022430107526881612 0.032781250000000026
5 0.46793548387096773 0.49793750000000003 0.023784946236559145 0.030843750000000014
6 0.3288602150537634 0.823625 0.029806451612903254 0.04475000000000016
3 0.6068602150537634 0.1545625 0.022107526881720373 0.028093749999999983
5 0.6100860215053764 0.19203125000000001 0.01933333333333335 0.02809375000000003
5 0.8338709677419355 0.6061875 0.024860215053763325 0.02943750000000005
5 0.8200430107526882 0.62559375 0.023032258064516208 0.03881250000000005