4 0.5085806451612903 0.57128125 0.02225806451612908 0.025343750000000043
3 0.603720430107527 0.15509375 0.02118279569892478 0.03315625
7 0.40288172043010756 0.1545 0.02036559139784952 0.029593749999999995
2 0.5377204301075269 0.09718750000000001 0.0177849462365591 0.028093749999999983
5 0.5663225806451613 0.25559375 0.020881720430107605 0.03259375000000002
5 0.8553333333333334 0.65696875 0.02443010752688175 0.035500000000000045
1 0.5050967741935484 0.36459375 0.021290322580645112 0.029750000000000033
5 0.51 0.59196875 0.023247311827956994 0.02553125000000005
0 0.5055268817204301 0.748125 0.024215053763440842 0.03518749999999997
5 0.5205806451612903 0.60828125 0.01582795698924734 0.02734375
5 0.5197204301075269 0.63871875 0.019247311827956966 0.029812500000000065
5 0.5034838709677419 0.6231875 0.02266666666666671 0.028593749999999928
5 0.4949247311827957 0.6449374999999999 0.02266666666666671 0.03356250000000003
5 0.4790967741935484 0.6219375 0.020946236559139804 0.03356250000000003
5 0.47354838709677416 0.6014375000000001 0.021806451612903198 0.032312499999999925
6 0.21346236559139786 0.73240625 0.024580645161290337 0.03571875000000002