7 0.4038709677419355 0.1555 0.020172043010752677 0.030906250000000003
6 0.5850107526881719 0.49978125 0.02815053763440867 0.03996875000000007
2 0.5389247311827957 0.09784375 0.020150537634408612 0.030875000000000007
3 0.6050752688172043 0.15859375 0.0238924731182796 0.03296874999999999
1 0.5056559139784946 0.36546875 0.022967741935483885 0.035781249999999966
5 0.4954193548387097 0.643375 0.02124731182795698 0.034062499999999926
5 0.5194193548387097 0.6408437499999999 0.022451612903225802 0.036093750000000036
5 0.5021505376344086 0.6165 0.02361290322580649 0.026437499999999937
5 0.5204086021505376 0.609375 0.019913978494623636 0.03334375000000005
5 0.48043010752688176 0.62178125 0.02116129032258059 0.02834374999999998
5 0.5073548387096773 0.59109375 0.02380645161290321 0.027156249999999993
4 0.5087956989247312 0.56875 0.02490322580645158 0.019624999999999913
5 0.8558709677419355 0.65909375 0.026000000000000068 0.04037500000000005
5 0.2761290322580645 0.4110625 0.022967741935483885 0.03434375000000003
5 0.4743655913978495 0.6014999999999999 0.022473118279569868 0.032187500000000036
0 0.5046881720430108 0.7503437500000001 0.025397849462365597 0.04371875000000003
5 0.39322580645161287 0.80903125 0.0007741935483871261 0.0008749999999999147
5 0.392989247311828 0.80665625 0.00034408602150543015 0.0018125000000001278
5 0.5673978494623655 0.25315625 0.020172043010752677 0.03075000000000001