2 0.5064516129032258 0.156 0.02273118279569891 0.028125
3 0.6050967741935483 0.1555 0.02292473118279563 0.03456250000000001
7 0.3263440860215054 0.11821875 0.019247311827956966 0.02937500000000002
1 0.5227311827956989 0.3881875 0.02118279569892478 0.040562500000000015
5 0.6444946236559139 0.5315624999999999 0.022150537634408503 0.03915624999999991
5 0.812494623655914 0.603625 0.026946236559139726 0.032187500000000036
5 0.5819354838709678 0.6155 0.024064516129032376 0.03915624999999991
4 0.8421935483870968 0.56953125 0.027376344086021544 0.03093749999999993
5 0.46243010752688174 0.48949999999999994 0.021763440860215064 0.032937500000000064
5 0.6912688172043011 0.65425 0.02572043010752696 0.04328125000000007
5 0.576494623655914 0.52584375 0.026408602150537575 0.03640624999999993
5 0.8576559139784946 0.62571875 0.0261075268817204 0.03331250000000008
0 0.5035698924731182 0.7458437499999999 0.027118279569892503 0.03659374999999994
5 0.4882150537634409 0.6306875 0.024795698924731123 0.04137500000000003
6 0.34858064516129034 0.73146875 0.022967741935483885 0.04271875000000005