7 0.40544086021505377 0.15709375 0.02234408602150535 0.03300000000000001
2 0.5063655913978495 0.15840625 0.018924731182795723 0.027718750000000014
6 0.7521935483870967 0.08759375 0.02111827956989258 0.03231250000000001
3 0.6051612903225806 0.15659375 0.01800000000000001 0.03003125
1 0.505247311827957 0.366375 0.019376344086021485 0.03471874999999995
4 0.5063655913978495 0.5860000000000001 0.021634408602150542 0.03540624999999995
0 0.5045591397849463 0.75115625 0.023462365591397902 0.039750000000000084
5 0.14376344086021503 0.59471875 0.023763440860215063 0.03903125000000003
5 0.36453763440860215 0.68053125 0.026215053763440854 0.038718749999999955
5 0.38924731182795697 0.5924375000000001 0.023935483870967732 0.038374999999999916
5 0.44926881720430106 0.59703125 0.02436559139784943 0.039687499999999966
5 0.5042150537634409 0.54796875 0.021419354838709635 0.036374999999999956
5 0.5326451612903226 0.5715 0.02253763440860219 0.03803125000000005