7 0.18313978494623656 0.41675000000000006 0.02434408602150536 0.04468750000000003
2 0.5055483870967742 0.15731250000000002 0.019376344086021485 0.029812499999999974
3 0.6049247311827958 0.15775 0.019032258064516177 0.036125000000000004
1 0.5056989247311828 0.36509375 0.022774193548387042 0.03621875000000001
6 0.23658064516129032 0.42315625 0.02780645161290324 0.03915624999999991
5 0.15221505376344086 0.6066874999999999 0.026580645161290353 0.04171875000000007
0 0.5049247311827957 0.7495625 0.02556989247311825 0.04090624999999992
4 0.46322580645161293 0.8192187499999999 0.029591397849462346 0.0421875
5 0.3658494623655914 0.67834375 0.027161290322580637 0.0390625
5 0.39004301075268816 0.59090625 0.024666666666666726 0.042624999999999955
5 0.44989247311827957 0.599 0.025268817204301075 0.042624999999999955
5 0.47593548387096773 0.58321875 0.021548387096774153 0.03990624999999994