7 0.40516129032258064 0.15553125 0.02234408602150535 0.03300000000000001
3 0.6051612903225806 0.15659375 0.01800000000000001 0.03003125
1 0.5049677419354839 0.36640625 0.023526881720430104 0.03731249999999999
5 0.5006021505376345 0.65409375 0.021225806451612914 0.03725000000000005
5 0.49490322580645163 0.6351875 0.025010752688172034 0.03184374999999999
4 0.507247311827957 0.57346875 0.02372043010752682 0.01981249999999992
0 0.462 0.8249375000000001 0.025139784946236553 0.04328125000000007
6 0.396752688172043 0.3624375 0.03017204301075263 0.04328124999999998
5 0.628752688172043 0.6722812499999999 0.025354838709677342 0.04065624999999997
5 0.45539784946236556 0.63775 0.02550537634408605 0.041437499999999974
5 0.4789032258064516 0.66353125 0.02516129032258062 0.03987499999999997
5 0.4088817204301075 0.6214062499999999 0.027763440860215108 0.038687499999999986
5 0.5178709677419355 0.635625 0.02326881720430106 0.03134374999999991
5 0.5419999999999999 0.6376875 0.024193548387096774 0.03434375000000003
5 0.48277419354838713 0.6169687500000001 0.021204301075268845 0.017906250000000058
5 0.5035483870967742 0.61559375 0.02402150537634412 0.016000000000000014
5 0.4944731182795699 0.6035 0.02443010752688175 0.014000000000000058
5 0.5175698924731182 0.60659375 0.027849462365591375 0.020343749999999973
5 0.5064086021505376 0.5886250000000001 0.02681720430107533 0.015468749999999965
5 0.5298924731182796 0.65109375 0.024645161290322536 0.03390625000000007
2 0.5133333333333333 0.1519375 0.018924731182795723 0.027718750000000014
5 0.5283010752688172 0.61646875 0.02212903225806456 0.013874999999999993