2 0.5064516129032258 0.156 0.02273118279569891 0.028125
3 0.6050967741935483 0.1555 0.02292473118279563 0.03456250000000001
7 0.3263440860215054 0.11821875 0.019247311827956966 0.02937500000000002
1 0.5227311827956989 0.3881875 0.02118279569892478 0.04056250000000006
5 0.46208602150537637 0.48959374999999994 0.02118279569892478 0.036374999999999956
5 0.5751827956989247 0.5280625 0.022150537634408503 0.03778124999999992
5 0.6444946236559139 0.5315624999999999 0.022150537634408503 0.03915624999999991
5 0.812494623655914 0.603625 0.026946236559139726 0.032187500000000036
5 0.8596559139784946 0.6231875 0.023096774193548407 0.03496874999999999
5 0.6907096774193549 0.651875 0.026000000000000068 0.036374999999999956
5 0.5819354838709678 0.6155 0.024064516129032376 0.03915624999999991
5 0.49384946236559135 0.605 0.0250322580645161 0.03496874999999999
5 0.48711827956989245 0.63228125 0.0250322580645161 0.03915624999999991
4 0.8421935483870968 0.56953125 0.027376344086021544 0.03093749999999993
6 0.3993548387096774 0.5315000000000001 0.02582795698924729 0.042031249999999964