7 0.4039139784946236 0.15525 0.021139784946236525 0.029625000000000012
2 0.5054623655913978 0.15525 0.020387096774193588 0.029625000000000012
3 0.6051182795698925 0.15578125 0.020387096774193588 0.028531249999999987
1 0.5043225806451612 0.3664375 0.021139784946236525 0.03950000000000005
4 0.5062150537634408 0.5770625 0.02339784946236558 0.021937499999999943
5 0.4703440860215054 0.63465625 0.022645161290322523 0.029625000000000058
5 0.4756344086021505 0.6604375 0.021139784946236525 0.03071874999999995
5 0.5081075268817205 0.653875 0.021139784946236525 0.032906249999999915
5 0.5266021505376344 0.68075 0.024924731182795645 0.038406250000000065
5 0.53 0.64946875 0.022645161290322523 0.035093750000000055
5 0.5416989247311828 0.6385 0.020387096774193588 0.032906249999999915
5 0.4952688172043011 0.63740625 0.022645161290322523 0.035093750000000055
0 0.5047096774193548 0.7498437499999999 0.02793548387096776 0.038406250000000065
5 0.5273763440860215 0.619625 0.0203010752688172 0.02787500000000005
5 0.5067956989247312 0.6233125 0.02200000000000004 0.028687500000000022
5 0.4839569892473118 0.619625 0.02144086021505382 0.021312499999999977
5 0.514494623655914 0.60784375 0.021010752688172003 0.030531249999999944
5 0.49473118279569894 0.60675 0.021483870967741955 0.025562500000000023
5 0.5049677419354839 0.59434375 0.025397849462365597 0.02059374999999992
6 0.21019354838709675 0.70959375 0.02802150537634409 0.04443750000000009