7 0.39599999999999996 0.14556249999999998 0.021483870967741955 0.03659375000000002
2 0.506494623655914 0.15590625 0.022516129032258123 0.03903124999999998
6 0.6708172043010753 0.6613749999999999 0.026473118279569774 0.040750000000000064
5 0.4828602150537634 0.43003125000000003 0.02292473118279575 0.03981250000000003
0 0.6244301075268818 0.83515625 0.02707526881720437 0.031312499999999945
5 0.7840645161290322 0.8359062500000001 0.028344086021505267 0.0291875000000001
5 0.6610967741935484 0.8053125 0.026279569892473178 0.03921874999999986
5 0.5488387096774194 0.7856874999999999 0.027978494623655894 0.03828125
5 0.4848387096774193 0.7311875 0.026946236559139726 0.04253125000000004
5 0.4790752688172043 0.6516875 0.02172043010752693 0.03337500000000002
5 0.4713333333333333 0.6341875 0.018774193548387136 0.02575000000000003
5 0.4924731182795699 0.63025 0.020881720430107484 0.028781249999999935
1 0.4743655913978495 0.50171875 0.024408602150537684 0.04246874999999992
5 0.7690752688172043 0.5560937499999999 0.022279569892473147 0.039406250000000045
3 0.7123655913978495 0.036187500000000004 0.019978494623655835 0.03025
5 0.636752688172043 0.56309375 0.023763440860214955 0.03734374999999997
5 0.4558924731182796 0.704625 0.025075268817204354 0.040156250000000074