2 0.5055913978494624 0.15284375 0.01860215053763436 0.03209374999999999
5 0.4927956989247312 0.63334375 0.02092473118279574 0.03715624999999996
5 0.4712903225806452 0.6409374999999999 0.022086021505376304 0.038843750000000024
5 0.48118279569892475 0.657 0.023247311827956994 0.030406250000000058
5 0.6617204301075269 0.80796875 0.02752688172043001 0.04181249999999999
7 0.39544086021505376 0.14750000000000002 0.01929032258064522 0.025375000000000016
1 0.4747741935483871 0.49759374999999995 0.0264731182795699 0.03365624999999994
5 0.7669462365591397 0.5568125 0.022967741935483763 0.03865625000000002
5 0.6353333333333333 0.561875 0.025698924731182893 0.04221874999999997
0 0.6242795698924731 0.834 0.024838709677419257 0.03418750000000017
3 0.7131612903225807 0.03228125 0.021053763440860136 0.030593749999999996
5 0.4869462365591398 0.727125 0.026881720430107527 0.04415624999999999
5 0.5499139784946238 0.78603125 0.02582795698924729 0.044062500000000074
5 0.48397849462365594 0.42928125 0.02010752688172048 0.032874999999999946
6 0.6722365591397849 0.6650625 0.026473118279569774 0.04250000000000007
5 0.4562795698924731 0.69846875 0.02367741935483869 0.04049999999999994
5 0.7836989247311829 0.834125 0.029247311827957038 0.028343750000000157