6 0.7212903225806451 0.8039999999999999 0.028774193548387086 0.046656249999999844
7 0.40376344086021504 0.1536875 0.02109677419354839 0.032343749999999984
2 0.5381290322580645 0.09796875000000001 0.019247311827956966 0.030937500000000017
3 0.6037849462365591 0.15559375 0.020688172043010763 0.03199999999999999
5 0.5981720430107527 0.5584687500000001 0.024516129032258017 0.03599999999999994
1 0.5041075268817204 0.36428125 0.022645161290322523 0.034781249999999986
5 0.566236559139785 0.25390625 0.02567741935483883 0.03459374999999998
5 0.16083870967741937 0.60128125 0.025075268817204295 0.041874999999999926
5 0.8569247311827958 0.659625 0.026301075268817243 0.03465624999999992
5 0.4260645161290323 0.5860937500000001 0.02354838709677417 0.034781249999999986
4 0.5096559139784946 0.5674375 0.02490322580645158 0.02243750000000002
5 0.49210752688172044 0.6025625 0.023333333333333383 0.030906249999999958
5 0.5101505376344087 0.59003125 0.025634408602150573 0.03196875000000006
5 0.6578494623655914 0.5566875 0.022645161290322523 0.03674999999999997