2 0.5055913978494624 0.15284375 0.01860215053763436 0.03209374999999999
3 0.6062795698924731 0.154 0.023419354838709647 0.029187500000000012
1 0.504774193548387 0.36390625 0.021204301075268845 0.030812499999999955
6 0.16062365591397848 0.5284375 0.022301075268817215 0.03565625000000008
7 0.17625806451612902 0.43846875 0.026774193548387074 0.03728125000000002
5 0.15169892473118282 0.6094999999999999 0.022301075268817215 0.04215625000000003
5 0.3642150537634409 0.6783750000000001 0.023419354838709647 0.03728125000000002
5 0.38931182795698926 0.59084375 0.029010752688172062 0.03403124999999996
5 0.4484301075268817 0.59571875 0.024537634408602203 0.03728125000000002
5 0.47520430107526884 0.5803125 0.024537634408602203 0.03565625000000008
0 0.5030967741935484 0.74728125 0.024537634408602203 0.03565625000000008
4 0.46348387096774196 0.81859375 0.02565591397849464 0.03890625000000005