2 0.5055913978494624 0.15284375 0.01860215053763436 0.03209374999999999
3 0.6049892473118279 0.15809375 0.022967741935483763 0.031625000000000014
6 0.32696774193548384 0.37853125 0.02537634408602153 0.04040625000000002
7 0.2369247311827957 0.3864375 0.026602150537634418 0.03512500000000003
5 0.1529032258064516 0.60775 0.02780645161290324 0.045656250000000044
5 0.39043010752688173 0.58840625 0.029010752688172062 0.04918750000000003
5 0.36503225806451617 0.677125 0.02417204301075271 0.043906250000000036
5 0.44965591397849464 0.5971875 0.026602150537634418 0.03512500000000003
5 0.4774623655913979 0.5805 0.026602150537634418 0.03687500000000003
1 0.5058709677419354 0.36184375 0.02537634408602153 0.03512500000000003
0 0.5034408602150537 0.75 0.02537634408602153 0.03512500000000003
4 0.4647741935483871 0.82203125 0.02780645161290324 0.03512500000000003