3 0.6071397849462365 0.15603125 0.02204301075268817 0.03678124999999999
2 0.5056344086021506 0.1566875 0.020860215053763415 0.025562500000000023
7 0.4039784946236559 0.15528124999999998 0.022150537634408628 0.032187499999999994
0 0.5046236559139785 0.7502187499999999 0.024322580645161296 0.04031249999999993
1 0.5055913978494624 0.36396875 0.02092473118279574 0.028718749999999994
6 0.619247311827957 0.6110625 0.027440860215053743 0.03603124999999992
5 0.5316129032258065 0.5711875 0.0238924731182796 0.04115625000000005
5 0.5178924731182796 0.6380625 0.01948387096774194 0.03859375000000007
5 0.49531182795698925 0.6380625 0.025677419354838703 0.03859375000000007
5 0.5046021505376344 0.54803125 0.026559139784946284 0.030874999999999986
5 0.4492903225806451 0.59690625 0.02212903225806456 0.03603124999999992
5 0.41696774193548386 0.6342187499999999 0.026559139784946284 0.04375
5 0.3890752688172043 0.59175 0.025677419354838703 0.04115625000000005
4 0.46920430107526884 0.6837500000000001 0.024795698924731123 0.04243749999999995