2 0.5055913978494624 0.15284375 0.01860215053763436 0.03209374999999999
6 0.24339784946236562 0.1600625 0.020408602150537653 0.029656249999999985
3 0.6049892473118279 0.1569375 0.021483870967741955 0.026531249999999985
1 0.5066666666666667 0.36228125 0.020408602150537653 0.02809375000000003
7 0.20255913978494622 0.37709375 0.020408602150537653 0.03590625000000003
5 0.14346236559139783 0.5949375 0.022559139784946242 0.040593750000000026
5 0.39006451612903226 0.58790625 0.02793548387096776 0.03903125000000003
5 0.3653548387096774 0.6800312500000001 0.02793548387096776 0.03590625000000003
5 0.4486451612903226 0.5949375 0.02470967741935486 0.03746875000000003
5 0.5061290322580645 0.54965625 0.02578494623655916 0.03434375000000003
5 0.5308387096774193 0.57228125 0.023634408602150558 0.03590625000000003
4 0.5055913978494624 0.5863437499999999 0.022559139784946256 0.03903125000000003
0 0.5034408602150537 0.7471875 0.02470967741935486 0.03590625000000003