5 0.4280215053763441 0.44903125 0.024580645161290337 0.030843750000000014
5 0.15197849462365592 0.53346875 0.024580645161290337 0.034093750000000075
5 0.15645161290322582 0.6918124999999999 0.026817204301075266 0.03896875000000009
5 0.3671182795698925 0.7267187500000001 0.02793548387096776 0.03734374999999997
5 0.4626666666666666 0.62928125 0.029053763440860195 0.03734374999999997
5 0.46713978494623654 0.6097812499999999 0.02681720430107533 0.03734374999999997
5 0.49395698924731185 0.61790625 0.02681720430107533 0.034093750000000075
4 0.5056989247311828 0.577625 0.025698924731182772 0.03343749999999997
1 0.7074193548387097 0.05846875 0.015655913978494564 0.032468750000000005
3 0.6071397849462365 0.15603125 0.02204301075268817 0.03678124999999999
2 0.5056344086021506 0.1566875 0.020860215053763415 0.025562500000000023
7 0.4039784946236559 0.15528124999999998 0.022150537634408628 0.032187499999999994
6 0.37924731182795696 0.67715625 0.026688172043010806 0.03993749999999992
0 0.47660215053763444 0.71596875 0.02354838709677417 0.03309374999999992
5 0.23868817204301074 0.6435 0.02354838709677417 0.03650000000000002