4 0.5085806451612903 0.57128125 0.02225806451612908 0.025343750000000043
5 0.5067741935483872 0.6168125 0.022817204301075297 0.03315625000000004
5 0.5055483870967742 0.5943125 0.02036559139784952 0.016562500000000036
5 0.5236129032258064 0.60675 0.014107526881720435 0.029593750000000085
5 0.5185806451612903 0.6381249999999999 0.02200000000000004 0.03315625000000004
3 0.603720430107527 0.15509375 0.02118279569892478 0.03315625
7 0.40288172043010756 0.1545 0.02036559139784952 0.029593749999999995
0 0.5069677419354839 0.74775 0.026494623655913964 0.03734374999999997
5 0.48359139784946237 0.6158125 0.021870967741935518 0.02056249999999995
5 0.4958279569892473 0.6391875 0.021870967741935518 0.03178125000000005
2 0.5377204301075269 0.09718750000000001 0.0177849462365591 0.028093749999999994
5 0.5663225806451613 0.25559375 0.020881720430107605 0.03259375000000002
6 0.6424731182795699 0.40275 0.02320430107526874 0.03706250000000004
5 0.27948387096774197 0.4033125 0.020881720430107515 0.03371875000000002
5 0.4747096774193549 0.6005 0.02010752688172048 0.02809375000000003