2 0.5064516129032258 0.156 0.02273118279569891 0.028125
3 0.6050967741935483 0.1555 0.02292473118279563 0.03456250000000001
0 0.5029032258064516 0.74875 0.023634408602150558 0.03590625000000003
6 0.7397634408602151 0.06059375 0.016924731182795708 0.029875000000000006
1 0.5053548387096775 0.367875 0.019096774193548376 0.036093750000000036
7 0.4050537634408602 0.15478125 0.024838709677419378 0.03746874999999998
4 0.5041720430107527 0.583875 0.02686021505376346 0.030593750000000065
5 0.5306666666666666 0.5706875 0.02178494623655913 0.03587500000000006
5 0.5049032258064516 0.54853125 0.022494623655913936 0.03165624999999998
5 0.4497204301075269 0.59653125 0.023956989247311797 0.034812499999999955
5 0.3880215053763441 0.59021875 0.025397849462365597 0.03903125000000003
5 0.3666021505376344 0.68040625 0.02322580645161293 0.04009374999999995
5 0.5201290322580645 0.6909375 0.023956989247311797 0.03375000000000004
5 0.143741935483871 0.5912499999999999 0.02178494623655913 0.034812499999999955