7 0.3250752688172043 0.11765624999999999 0.019096774193548376 0.03256250000000001
2 0.5048387096774194 0.15625 0.0199354838709677 0.030156250000000016
4 0.8419569892473118 0.5707187499999999 0.028236559139784935 0.03618749999999995
0 0.504021505376344 0.7480625 0.026580645161290353 0.033781250000000006
5 0.4632043010752688 0.49143749999999997 0.023698924731182756 0.03715624999999996
5 0.3812258064516129 0.56709375 0.023075268817204342 0.03443749999999994
5 0.642731182795699 0.5299375000000001 0.024946236559139835 0.03443749999999994
5 0.49374193548387096 0.6046875 0.022451612903225802 0.033531250000000054
5 0.48720430107526885 0.62778125 0.024322580645161296 0.027187499999999965
5 0.4896989247311828 0.64815625 0.02058064516129031 0.03171874999999993
5 0.5018494623655915 0.663125 0.021204301075268845 0.03443749999999994
5 0.5211827956989247 0.6327812500000001 0.024946236559139835 0.02446874999999995
5 0.5252258064516129 0.6576875 0.021827956989247263 0.03806250000000002
5 0.4667741935483871 0.6760625 0.022451612903225802 0.03703125000000007
5 0.8131182795698926 0.60465625 0.023655913978494623 0.04053125000000009
5 0.8582795698924731 0.62428125 0.02556989247311825 0.036250000000000074
1 0.5228387096774194 0.38896875 0.0250322580645161 0.03506250000000009
5 0.4535268817204301 0.689375 0.02286021505376343 0.03896875000000009
3 0.6052903225806451 0.1575625 0.021677419354838797 0.028249999999999977
6 0.2677634408602151 0.59825 0.025139784946236553 0.038374999999999916