2 0.5064516129032258 0.156 0.02273118279569891 0.028125
3 0.6050967741935483 0.1555 0.02292473118279563 0.03456250000000001
7 0.40436559139784944 0.15446875 0.019870967741935502 0.03174999999999999
6 0.801268817204301 0.2006875 0.024838709677419257 0.04331250000000002
1 0.5076774193548387 0.36309375 0.017892473118279555 0.027437500000000004
5 0.5311827956989247 0.56878125 0.021204301075268845 0.035374999999999976
5 0.5060430107526882 0.54825 0.022774193548387042 0.035374999999999976
5 0.5209677419354839 0.68971875 0.02434408602150536 0.03765625000000004
5 0.4491182795698925 0.59728125 0.02354838709677417 0.035374999999999976
5 0.38827956989247314 0.58815625 0.02591397849462368 0.03309374999999992
5 0.14408602150537633 0.59159375 0.022774193548387105 0.03309374999999992
5 0.36511827956989246 0.67715625 0.021978494623655972 0.03993749999999992
0 0.5048817204301076 0.7501875 0.02354838709677417 0.03765625000000004
4 0.5052688172043011 0.58359375 0.02434408602150536 0.03765625000000004