4 0.5085806451612903 0.57128125 0.02225806451612908 0.025343750000000043
3 0.603720430107527 0.15509375 0.02118279569892478 0.03315625
7 0.40288172043010756 0.1545 0.02036559139784952 0.029593749999999995
2 0.5377204301075269 0.09718750000000001 0.0177849462365591 0.028093749999999983
5 0.5663225806451613 0.25559375 0.020881720430107605 0.03259375000000002
1 0.5050967741935484 0.36459375 0.021290322580645112 0.029750000000000033
5 0.51 0.59196875 0.023247311827956994 0.02553125000000005
5 0.4908387096774194 0.602125 0.024666666666666726 0.03440624999999997
5 0.43655913978494626 0.6645 0.02268817204301078 0.038718749999999955
5 0.4257204301075269 0.5835 0.02268817204301078 0.03440624999999997
5 0.5988602150537635 0.5576875 0.027634408602150586 0.03440624999999997
5 0.6585591397849463 0.55553125 0.024666666666666726 0.035843750000000084
5 0.17858064516129032 0.6006875 0.02565591397849464 0.03728125000000002
6 0.3827956989247312 0.58778125 0.02565591397849464 0.03728125000000002