2 0.5055913978494624 0.15284375 0.01860215053763436 0.03209374999999999
3 0.6019569892473119 0.15721875000000002 0.016924731182795708 0.02634375000000002
7 0.45389247311827957 0.24328124999999998 0.02537634408602153 0.03687500000000003
1 0.5034408602150537 0.36621875 0.02537634408602153 0.04040625000000002
6 0.7228387096774194 0.173 0.029010752688172062 0.03337500000000002
5 0.47686021505376347 0.58403125 0.02055913978494624 0.03687500000000003
5 0.45206451612903226 0.5954375 0.021763440860215064 0.03512500000000003
5 0.39043010752688173 0.5910624999999999 0.029010752688172062 0.04040625000000002
5 0.1529032258064516 0.6094999999999999 0.02537634408602153 0.03865625000000002
5 0.3656559139784946 0.678875 0.02780645161290324 0.04040625000000002
0 0.5040430107526882 0.749125 0.02417204301075271 0.043906250000000036
4 0.4641505376344086 0.8194062499999999 0.029010752688172062 0.040406249999999845