7 0.4038709677419355 0.1555 0.020172043010752677 0.030906250000000003
6 0.7502365591397849 0.6445624999999999 0.02815053763440867 0.03996875000000007
2 0.5381720430107527 0.10003124999999999 0.020150537634408612 0.030874999999999996
3 0.6050752688172043 0.15859375 0.0238924731182796 0.03296874999999999
1 0.5056559139784946 0.36546875 0.022967741935483885 0.035781249999999966
5 0.49470967741935484 0.64396875 0.02124731182795698 0.034062499999999926
5 0.5188172043010753 0.64228125 0.0238924731182796 0.03790624999999999
5 0.5684731182795698 0.25621875 0.026193548387096668 0.03456250000000001
5 0.5063870967741936 0.6170312499999999 0.02372043010752682 0.027937499999999994
5 0.5242795698924732 0.6080625000000001 0.02322580645161293 0.034531250000000034
5 0.4808172043010753 0.6207812500000001 0.020709677419354828 0.030531249999999944
5 0.5070322580645161 0.5920625 0.02380645161290321 0.027156249999999993
4 0.5084301075268817 0.57184375 0.02490322580645158 0.019624999999999913
5 0.5532258064516129 0.65190625 0.022817204301075297 0.03334375000000005
5 0.4868387096774193 0.58784375 0.024043010752688186 0.029031250000000064
5 0.4745161290322581 0.598375 0.025548387096774185 0.02778124999999996