3 0.6050967741935483 0.1555 0.02292473118279563 0.03456250000000001
7 0.4047311827956989 0.15646875 0.0191612903225807 0.03181249999999998
1 0.5055698924731182 0.36465625 0.021892473118279583 0.026531250000000027
2 0.5147741935483872 0.15078125 0.017548387096774247 0.02784374999999999
6 0.5274408602150538 0.34315625 0.022623655913978455 0.04109375000000002
5 0.6165806451612903 0.5928125 0.024408602150537684 0.03715624999999996
5 0.5315913978494624 0.568375 0.021225806451612914 0.033218749999999984
5 0.5042365591397849 0.5464375 0.02204301075268817 0.02965625000000003
5 0.4495268817204301 0.5933125 0.02204301075268817 0.030843750000000014
5 0.38950537634408605 0.58975 0.019591397849462396 0.037968749999999926
5 0.36541935483870963 0.67815625 0.02531182795698921 0.036781249999999946
5 0.1449462365591398 0.5933125 0.02204301075268817 0.033218749999999984
0 0.5042365591397849 0.74696875 0.02531182795698921 0.03203125
4 0.5042365591397849 0.58321875 0.02367741935483869 0.03440624999999997