7 0.4039139784946236 0.15525 0.021139784946236525 0.029625000000000012
2 0.5054623655913978 0.15525 0.020387096774193588 0.029625000000000012
3 0.6051182795698925 0.15578125 0.020387096774193588 0.028531249999999987
1 0.5043225806451612 0.3664375 0.021139784946236525 0.03950000000000005
5 0.4760430107526882 0.6626562500000001 0.022752688172042977 0.03778124999999992
5 0.49608602150537634 0.63746875 0.02165591397849461 0.031468749999999976
5 0.5069247311827957 0.6524062500000001 0.02165591397849461 0.03618749999999995
5 0.4798494623655914 0.62171875 0.02165591397849461 0.03778124999999992
5 0.5020430107526882 0.61621875 0.02490322580645158 0.03618749999999995
5 0.49283870967741933 0.57528125 0.02382795698924728 0.03618749999999995
5 0.6438924731182796 0.65615625 0.030215053763440764 0.04221874999999997
5 0.5939139784946237 0.60715625 0.02556989247311825 0.04559374999999992
5 0.5753118279569892 0.65615625 0.02556989247311825 0.04559374999999992
5 0.30546236559139783 0.419625 0.020860215053763415 0.03937500000000007
5 0.1746236559139785 0.644625 0.023978494623655925 0.04090624999999992
5 0.5410752688172042 0.71809375 0.02294623655913982 0.04543750000000006
4 0.5458709677419354 0.42353125 0.02524731182795701 0.035500000000000045
5 0.8501720430107527 0.49428124999999995 0.022236559139785016 0.04037500000000005
0 0.5028817204301075 0.749125 0.024215053763440842 0.03996875000000007
5 0.46713978494623654 0.6057187500000001 0.02234408602150535 0.03571875000000002
6 0.7420645161290322 0.17293750000000002 0.02681720430107533 0.03409374999999999