7 0.40458064516129033 0.156 0.02090322580645167 0.03271875
2 0.5062150537634408 0.15796875 0.02092473118279574 0.031937499999999994
3 0.6067956989247313 0.157625 0.021569892473118222 0.03328125000000002
6 0.5412903225806451 0.80203125 0.02673118279569882 0.044375000000000143
5 0.507225806451613 0.6394062500000001 0.02286021505376343 0.035781249999999966
5 0.46243010752688174 0.6319375 0.025182795698924686 0.03656249999999996
5 0.4680860215053763 0.60825 0.025999999999999947 0.03275000000000006
5 0.49821505376344083 0.61253125 0.024580645161290337 0.030625000000000034
1 0.7080430107526882 0.053625 0.024129032258064575 0.038124999999999985
0 0.4767311827956989 0.7201875 0.02681720430107533 0.04509375000000002
5 0.17526881720430107 0.64534375 0.026881720430107527 0.043031249999999945
5 0.15066666666666667 0.53628125 0.023763440860215077 0.03806250000000002
5 0.4920430107526882 0.7594375 0.026967741935483916 0.03825000000000003
4 0.5044516129032258 0.5825 0.028602150537634433 0.03825000000000003
5 0.4295913978494623 0.44990625 0.025419354838709662 0.038124999999999964
5 0.4102365591397849 0.65346875 0.022021505376344105 0.03946874999999998