7 0.32703225806451613 0.11809375 0.020817204301075285 0.03171875000000002
2 0.5055483870967742 0.1559375 0.02021505376344081 0.03171875000000002
1 0.5225161290322581 0.38690625 0.023440860215053715 0.033093749999999963
3 0.6064731182795698 0.15871875 0.023634408602150558 0.032750000000000015
5 0.583505376344086 0.61409375 0.025655913978494517 0.03787500000000001
5 0.6898494623655913 0.6555 0.020795698924731095 0.03540624999999995
5 0.6425806451612903 0.5324375 0.020688172043010763 0.03574999999999999
5 0.48746236559139783 0.6305625 0.021225806451612914 0.03540624999999995
5 0.4938279569892473 0.602375 0.02578494623655916 0.02578125
5 0.46339784946236556 0.49240625 0.024322580645161296 0.03403124999999996
5 0.575505376344086 0.52184375 0.02726881720430097 0.03334375000000005
6 0.42713978494623656 0.56846875 0.025268817204301075 0.03846875000000001