2 0.5048387096774194 0.15625 0.0199354838709677 0.030156250000000016
0 0.504021505376344 0.7480625 0.026580645161290353 0.033781250000000006
7 0.4046451612903226 0.1568125 0.02159139784946241 0.03137500000000002
3 0.6060645161290322 0.15615625 0.021591397849462287 0.030062500000000013
1 0.5053548387096775 0.36846875 0.02159139784946241 0.03396875000000001
6 0.6388817204301075 0.5206875 0.02427956989247304 0.04049999999999994
5 0.5296344086021505 0.5703437499999999 0.025182795698924686 0.03790624999999999
5 0.5058064516129032 0.5507500000000001 0.024279569892473162 0.03528125000000006
5 0.3884516129032258 0.59059375 0.02159139784946241 0.03918750000000006
5 0.4486881720430107 0.59646875 0.026967741935483916 0.03528125000000006
5 0.4154193548387097 0.63175 0.025182795698924686 0.03790624999999999
5 0.4932043010752688 0.637 0.024279569892473162 0.04049999999999994
5 0.517483870967742 0.63959375 0.026086021505376335 0.04049999999999994