2 0.5055913978494624 0.15284375 0.01860215053763436 0.03209374999999999
5 0.4927956989247312 0.63334375 0.02092473118279574 0.03715624999999996
5 0.4712903225806452 0.6409374999999999 0.022086021505376304 0.038843750000000024
5 0.48118279569892475 0.657 0.023247311827956994 0.030406250000000058
5 0.6617204301075269 0.80796875 0.02752688172043001 0.04181249999999999
7 0.39544086021505376 0.14750000000000002 0.01929032258064522 0.025375000000000016
5 0.7669462365591397 0.5568125 0.022967741935483763 0.03865625000000002
5 0.6353333333333333 0.561875 0.025698924731182893 0.04221874999999997
0 0.6242795698924731 0.834 0.024838709677419257 0.03418750000000017
3 0.7131612903225807 0.03228125 0.021053763440860136 0.030593749999999996
5 0.4869462365591398 0.727125 0.026881720430107527 0.04415624999999999
5 0.5499139784946238 0.78603125 0.025827956989247353 0.044062499999999984
5 0.7836989247311829 0.834125 0.029247311827957038 0.028343750000000157
5 0.4833548387096774 0.42928125 0.0213763440860215 0.036531249999999994
1 0.47322580645161294 0.4944375 0.02055913978494624 0.03337500000000002
6 0.5666666666666667 0.5189375 0.026000000000000068 0.03778124999999992