5 0.5190107526881721 0.63709375 0.023634408602150558 0.03434375000000003
5 0.5061290322580645 0.6144375 0.021483870967741955 0.0171875
5 0.5270752688172043 0.6081875 0.020408602150537653 0.032781250000000026
1 0.5056344086021506 0.366625 0.022881720430107496 0.034781249999999986
3 0.6049892473118279 0.15496875000000002 0.021849462365591328 0.028718749999999994
7 0.40316129032258063 0.1548125 0.01976344086021505 0.03199999999999999
5 0.5072688172043011 0.59028125 0.017634408602150514 0.02365624999999998
2 0.5380645161290323 0.09728125 0.02090322580645167 0.027968749999999987
4 0.5043440860215054 0.56709375 0.02348387096774197 0.020468750000000036
5 0.49595698924731185 0.63634375 0.021483870967741955 0.03412500000000005
5 0.8547311827956989 0.659875 0.024215053763440842 0.04106249999999996
5 0.5666236559139786 0.25515625000000003 0.02522580645161294 0.03518749999999997
5 0.5529247311827957 0.6528125 0.02625806451612905 0.03815624999999993
6 0.7603225806451613 0.6523749999999999 0.027032258064516236 0.03746875000000003