1 0.5065161290322581 0.365 0.021290322580645112 0.032156249999999977
3 0.6052043010752689 0.1565625 0.023225806451612804 0.031937499999999994
2 0.5055483870967742 0.15484375 0.022559139784946256 0.03340624999999999
7 0.4039354838709678 0.15362499999999998 0.021333333333333367 0.032906250000000005
6 0.6153333333333333 0.6098125 0.02399999999999993 0.03956250000000008
0 0.5038709677419355 0.75028125 0.026903225806451592 0.04146874999999994
4 0.4689462365591398 0.68559375 0.028322580645161324 0.03946874999999998
5 0.3883225806451613 0.5898125000000001 0.022752688172042977 0.03384374999999995
5 0.41658064516129034 0.63409375 0.02470967741935486 0.03853124999999995
5 0.4491827956989247 0.59653125 0.023634408602150558 0.038000000000000075
5 0.4941935483870968 0.638 0.024860215053763447 0.04006249999999998
5 0.5171827956989248 0.638625 0.025935483870967748 0.03981250000000003
5 0.5038064516129033 0.54784375 0.02273118279569891 0.040031250000000004
5 0.5309032258064517 0.57115625 0.02556989247311825 0.04315625000000001