7 0.4033548387096774 0.15603125 0.01997849462365596 0.029281250000000016
2 0.5056559139784946 0.15690625 0.02021505376344081 0.028937500000000015
3 0.6050107526881721 0.15621875000000002 0.02043010752688172 0.031781250000000004
1 0.5038064516129033 0.3649375 0.020946236559139804 0.030437500000000027
6 0.4963440860215054 0.42971875 0.025806451612903226 0.04112500000000008
0 0.5057849462365591 0.7512187499999999 0.024860215053763447 0.04018750000000004
5 0.3965161290322581 0.71440625 0.026430107526881765 0.03874999999999993
5 0.47580645161290325 0.671 0.02443010752688175 0.034500000000000065
5 0.5054408602150537 0.68253125 0.02361290322580649 0.036374999999999956
5 0.533483870967742 0.65575 0.02172043010752693 0.034187499999999996
5 0.544236559139785 0.63753125 0.02172043010752693 0.0359375
5 0.6106451612903225 0.59865625 0.022989247311828075 0.03793749999999996
5 0.7569892473118279 0.65915625 0.026774193548387195 0.044031249999999925
5 0.47101075268817205 0.6368750000000001 0.02382795698924728 0.03462499999999995
5 0.49376344086021506 0.6358125 0.021225806451612914 0.03331250000000008
5 0.5176344086021505 0.63840625 0.022817204301075297 0.03506250000000009
5 0.4826236559139785 0.61484375 0.022021505376344105 0.013937499999999936
5 0.5058924731182796 0.61440625 0.024408602150537684 0.013062500000000022
5 0.4938279569892473 0.6012500000000001 0.023526881720430104 0.01453124999999993
5 0.5178279569892473 0.6058749999999999 0.02083870967741935 0.025500000000000078
5 0.5016344086021505 0.585 0.027784946236559173 0.015812500000000007
4 0.503505376344086 0.5660000000000001 0.022021505376344105 0.02028125000000003