7 0.40561290322580645 0.15365625 0.020817204301075285 0.03171875000000002
6 0.6280860215053764 0.51890625 0.022774193548387164 0.03565625000000008
2 0.5055483870967742 0.1559375 0.02021505376344081 0.03171875000000002
3 0.6049892473118279 0.15709375 0.020623655913978564 0.030218750000000006
1 0.5069032258064516 0.36875 0.023440860215053715 0.03309375000000001
5 0.38888172043010755 0.5913125 0.026408602150537575 0.04243749999999995
5 0.450494623655914 0.5975312500000001 0.025956989247311813 0.038406250000000065
5 0.5067741935483872 0.5524375 0.02565591397849464 0.03787500000000001
5 0.5175483870967742 0.6393125000000001 0.021827956989247263 0.03540624999999995
5 0.5326881720430108 0.57090625 0.024322580645161296 0.037968749999999926
5 0.4940645161290323 0.6398125 0.024645161290322536 0.03559374999999996
5 0.4170752688172043 0.63165625 0.024322580645161296 0.035531250000000014
0 0.5043655913978494 0.75134375 0.024924731182795645 0.04571874999999999