3 0.6066236559139785 0.15721875000000002 0.022645161290322523 0.032906250000000005
2 0.507010752688172 0.15609375 0.020322580645161265 0.030656250000000006
7 0.4038924731182796 0.15553125 0.023440860215053715 0.031781250000000004
5 0.37664516129032255 0.6873750000000001 0.02632258064516131 0.03456250000000001
5 0.4089247311827957 0.65096875 0.02462365591397847 0.035781249999999966
5 0.4636989247311828 0.63121875 0.027182795698924702 0.035781249999999966
5 0.46920430107526884 0.60778125 0.02462365591397847 0.03331250000000008
1 0.711247311827957 0.0530625 0.019526881720430194 0.03209375000000001
5 0.1527956989247312 0.537125 0.024731182795698924 0.03465624999999992
5 0.1744301075268817 0.64234375 0.023849462365591406 0.042343750000000034
6 0.3405161290322581 0.240875 0.021225806451612914 0.03559375000000005