7 0.4033118279569892 0.15546875 0.02234408602150535 0.03300000000000001
2 0.5063655913978495 0.15840625 0.018924731182795723 0.027718750000000014
6 0.756 0.0973125 0.026688172043010685 0.04024999999999999
3 0.6051612903225806 0.15659375 0.01800000000000001 0.03003125
1 0.5060645161290322 0.367 0.019376344086021485 0.03471875000000004
5 0.5053978494623655 0.54990625 0.023763440860215077 0.03903125000000003
0 0.5039139784946236 0.749 0.026215053763440854 0.038718749999999955
5 0.38767741935483874 0.58871875 0.026344086021505377 0.04343749999999993
5 0.44823655913978494 0.59765625 0.02253763440860219 0.03803125000000005
5 0.14182795698924733 0.5940000000000001 0.02686021505376346 0.03565625000000008
5 0.5321720430107527 0.57078125 0.027032258064516115 0.03874999999999993
4 0.5045376344086022 0.5863437499999999 0.02578494623655916 0.04009374999999995
5 0.36578494623655916 0.6799999999999999 0.023978494623655866 0.03890624999999996