7 0.4039139784946236 0.15525 0.021139784946236525 0.029625000000000012
2 0.5054623655913978 0.15525 0.020387096774193588 0.029625000000000012
3 0.6051182795698925 0.15578125 0.020387096774193588 0.028531249999999987
1 0.5058494623655914 0.3665 0.025677419354838703 0.034218749999999964
6 0.47374193548387095 0.54171875 0.02853763440860211 0.038374999999999916
5 0.37387096774193546 0.8133437499999999 0.025677419354838703 0.040437500000000084
5 0.5654193548387098 0.60753125 0.026408602150537575 0.03731249999999999
5 0.47283870967741937 0.6370312499999999 0.026021505376344133 0.030124999999999957
5 0.49524731182795695 0.63946875 0.01976344086021505 0.03503124999999994
5 0.5174193548387097 0.63771875 0.02361290322580649 0.032906249999999915
5 0.48273118279569893 0.6132187499999999 0.025548387096774185 0.0203125
5 0.5063440860215054 0.6145937499999999 0.02169892473118274 0.0203125
5 0.4950107526881721 0.602 0.025053763440860168 0.016093749999999928
5 0.5167096774193548 0.6054999999999999 0.026021505376344133 0.025906250000000065
5 0.5039354838709678 0.5900937500000001 0.02361290322580649 0.0203125
0 0.502 0.74765625 0.026967741935483916 0.04196875000000002