7 0.4035483870967742 0.156 0.020817204301075285 0.03171875000000002
2 0.5055483870967742 0.1559375 0.02021505376344081 0.03171875000000002
1 0.5058924731182796 0.36593749999999997 0.023440860215053715 0.03309375000000001
5 0.14101075268817204 0.59275 0.02363440860215054 0.03275000000000006
5 0.5186666666666667 0.6926875 0.02565591397849464 0.03787500000000001
5 0.38948387096774195 0.59109375 0.020795698924731217 0.03540624999999995
5 0.4485806451612903 0.5998125 0.024322580645161296 0.037968749999999926
5 0.5060860215053764 0.5469999999999999 0.020688172043010763 0.03574999999999999
5 0.5314623655913978 0.5735 0.02619354838709679 0.03718749999999993
5 0.36451612903225805 0.6809999999999999 0.024322580645161296 0.03403124999999996
4 0.502 0.58403125 0.024301075268817227 0.03990624999999994
0 0.5037204301075269 0.7506875 0.025548387096774185 0.03978125000000006
6 0.7689247311827957 0.32259375 0.025268817204301075 0.03846875000000001
3 0.6048817204301075 0.1586875 0.019462365591397753 0.02778125