3 0.6066236559139785 0.15721875000000002 0.022645161290322523 0.032906250000000005
2 0.507010752688172 0.15609375 0.020322580645161265 0.030656250000000006
7 0.4038924731182796 0.15553125 0.023440860215053715 0.031781250000000004
4 0.5060430107526882 0.58075 0.02434408602150536 0.03878125000000008
5 0.4106451612903226 0.65378125 0.025118279569892488 0.04106249999999996
5 0.5068387096774194 0.638375 0.02434408602150536 0.03765625000000004
5 0.4966236559139785 0.6115625 0.02434408602150536 0.034218749999999964
5 0.468752688172043 0.60871875 0.021978494623655972 0.035374999999999976
5 0.4628602150537634 0.630375 0.022774193548387042 0.03309374999999992
1 0.7098279569892473 0.05525 0.02206451612903224 0.027000000000000003
5 0.42870967741935484 0.45125000000000004 0.02354838709677417 0.035374999999999976
0 0.4762795698924731 0.7194375 0.022967741935483885 0.03471875000000004
5 0.15249462365591396 0.534625 0.025333333333333336 0.038093749999999996
5 0.15572043010752687 0.68684375 0.027225806451612895 0.03337500000000002
5 0.2750967741935484 0.67690625 0.02578494623655913 0.03903125000000003
6 0.7505591397849463 0.10093749999999999 0.020064516129032345 0.029937499999999995