7 0.4041075268817204 0.15437499999999998 0.020817204301075285 0.03171875000000002
2 0.5055483870967742 0.1559375 0.02021505376344081 0.03171875000000002
1 0.5064301075268818 0.36996875 0.023440860215053715 0.03309375000000001
3 0.6047311827956989 0.15887500000000002 0.023634408602150558 0.032750000000000015
5 0.5191827956989247 0.6923125 0.02565591397849464 0.03787500000000001
5 0.14531182795698924 0.5949687499999999 0.020795698924731158 0.03540624999999995
5 0.38991397849462367 0.5898749999999999 0.024322580645161296 0.037968749999999926
5 0.5050752688172043 0.5493750000000001 0.020688172043010763 0.03574999999999999
5 0.5329032258064517 0.57203125 0.02619354838709679 0.03718749999999993
5 0.36748387096774193 0.6794687500000001 0.024322580645161296 0.03403124999999996
4 0.5058494623655914 0.58859375 0.024301075268817227 0.03990624999999994
5 0.449763440860215 0.59871875 0.023655913978494623 0.03456250000000001
0 0.5037204301075269 0.7506875 0.025548387096774185 0.03978125000000006
6 0.7966666666666666 0.2516875 0.025268817204301075 0.03846875000000001