2 0.5388387096774193 0.0973125 0.016838709677419322 0.027437500000000004
7 0.4039354838709678 0.15509375 0.02058064516129031 0.03209374999999999
3 0.6050967741935483 0.15759375 0.018946236559139667 0.025531250000000005
6 0.49378494623655916 0.24678125 0.022150537634408628 0.030562500000000003
5 0.5675913978494623 0.25621875 0.01868817204301087 0.02865624999999996
1 0.5066021505376344 0.3646875 0.017161290322580684 0.030937500000000017
5 0.11124731182795698 0.8434062499999999 0.02329032258064516 0.03443749999999994
0 0.700494623655914 0.82640625 0.024666666666666726 0.03990624999999994
5 0.7576559139784946 0.7968125 0.023505376344085914 0.03987499999999997
5 0.8566881720430107 0.65915625 0.024623655913978592 0.04093750000000007
4 0.5083010752688172 0.57884375 0.018301075268817184 0.028281250000000036
5 0.48660215053763445 0.5898125000000001 0.022451612903225802 0.03706250000000004
5 0.47735483870967743 0.6013124999999999 0.02434408602150536 0.027187499999999965
5 0.5049032258064516 0.59584375 0.02055913978494624 0.02937499999999993
5 0.5243225806451612 0.60653125 0.019806451612903182 0.03431250000000006
5 0.5071612903225807 0.6210625000000001 0.025075268817204354 0.027187499999999965
5 0.4828387096774194 0.62296875 0.02849462365591398 0.03431250000000006
5 0.4956559139784946 0.646 0.026967741935483916 0.03434375000000003
5 0.5186666666666667 0.6380625 0.02320430107526886 0.028312500000000008
5 0.5520645161290322 0.65040625 0.01978494623655924 0.036531249999999994