3 0.6050967741935483 0.1555 0.02292473118279563 0.03456250000000001
7 0.4047311827956989 0.15646875 0.0191612903225807 0.03181249999999998
1 0.5055698924731182 0.36465625 0.021892473118279583 0.026531250000000027
5 0.5055913978494624 0.6498125 0.022473118279569868 0.034531250000000034
5 0.5383440860215054 0.6358125 0.023763440860215077 0.03265624999999996
5 0.5181075268817203 0.6381249999999999 0.020537634408602175 0.03171874999999993
5 0.4834408602150538 0.6171562500000001 0.017978494623655944 0.019593749999999945
5 0.5046236559139785 0.59521875 0.01668817204301073 0.018656250000000086
5 0.5055913978494624 0.619 0.016043010752688127 0.019593749999999945
4 0.5068817204301075 0.579375 0.022473118279569868 0.02240625000000005
5 0.4081290322580645 0.617 0.0238924731182796 0.032312499999999925
2 0.513978494623656 0.152 0.01812903225806453 0.028718749999999994
5 0.5280860215053763 0.6525000000000001 0.02849462365591398 0.03340624999999999
5 0.47916129032258065 0.6599999999999999 0.02111827956989246 0.0390625
5 0.45563440860215054 0.63628125 0.022086021505376304 0.03068749999999998
5 0.6645806451612902 0.68428125 0.025655913978494517 0.03728125000000002
0 0.46118279569892473 0.8230625 0.02565591397849464 0.03468750000000007
6 0.3723010752688172 0.3945 0.026537634408602098 0.035968750000000015