7 0.4039139784946236 0.15525 0.021139784946236525 0.029625000000000012
2 0.5054623655913978 0.15525 0.020387096774193588 0.029625000000000012
3 0.6051182795698925 0.15578125 0.020387096774193588 0.028531249999999987
4 0.5469677419354838 0.42628125 0.023634408602150495 0.03434375000000003
5 0.1724731182795699 0.64178125 0.02686021505376346 0.040593750000000026
5 0.3046451612903226 0.42003124999999997 0.022559139784946256 0.02809375000000003
5 0.33778494623655914 0.7304999999999999 0.02582795698924729 0.037531249999999974
5 0.15096774193548387 0.5356875 0.021870967741935456 0.03815624999999993
5 0.4096774193548387 0.65015625 0.022967741935483885 0.03815624999999993
5 0.4649032258064516 0.631875 0.024064516129032255 0.03337500000000002
5 0.4681935483870968 0.60721875 0.024064516129032255 0.03178125000000005
5 0.49881720430107523 0.61278125 0.021870967741935518 0.03337500000000002
5 0.5064731182795699 0.63821875 0.021870967741935518 0.039750000000000084
5 0.521247311827957 0.77809375 0.02077419354838715 0.039750000000000084
5 0.3516989247311828 0.7176875 0.022967741935483885 0.03656249999999996
1 0.5043870967741936 0.36715624999999996 0.021010752688172003 0.03746875000000003
5 0.4931612903225806 0.5735 0.02417204301075271 0.03687500000000003
6 0.3680645161290323 0.5743750000000001 0.02780645161290324 0.04215625000000003
5 0.3529462365591398 0.8167500000000001 0.026602150537634418 0.04918750000000003
0 0.33481720430107526 0.7886562500000001 0.026602150537634418 0.03865625000000002