7 0.40516129032258064 0.15553125 0.02234408602150535 0.03300000000000001
3 0.6051612903225806 0.15659375 0.01800000000000001 0.03003125
1 0.5049677419354839 0.36640625 0.023526881720430104 0.03731249999999999
5 0.46406451612903227 0.650125 0.02223655913978489 0.028718749999999994
5 0.46 0.6244375 0.022387096774193604 0.03096875000000008
4 0.5065376344086021 0.56375 0.023913978494623667 0.023343750000000087
0 0.462 0.8249375000000001 0.025139784946236553 0.04328125000000007
6 0.7463010752688172 0.8102812500000001 0.03258064516129027 0.04675000000000003
5 0.5406021505376344 0.6371249999999999 0.022881720430107496 0.03659374999999994
5 0.43191397849462365 0.6342187499999999 0.02550537634408605 0.041437499999999974
5 0.460494623655914 0.6714687500000001 0.02516129032258062 0.03987499999999997
5 0.4090752688172043 0.61815625 0.027763440860215108 0.038687499999999986
5 0.49296774193548387 0.6465 0.02367741935483869 0.03428125000000008
5 0.5450322580645162 0.68065625 0.024193548387096774 0.03434375000000003
5 0.44432258064516134 0.5909375 0.022021505376344105 0.03643750000000008
5 0.5013118279569893 0.62325 0.024838709677419378 0.025999999999999978
5 0.582516129032258 0.6320625 0.024838709677419257 0.03459374999999998
5 0.511505376344086 0.60071875 0.027849462365591375 0.020343749999999973
5 0.5066021505376344 0.58509375 0.02681720430107533 0.015468749999999965
5 0.5108602150537634 0.68434375 0.024645161290322536 0.03390625000000007
2 0.5133333333333333 0.1519375 0.018924731182795723 0.027718750000000014
5 0.5304301075268817 0.62471875 0.02232258064516128 0.025656249999999936