7 0.4046666666666666 0.15703125 0.01961290322580646 0.034937500000000024
2 0.5064731182795699 0.157 0.02004301075268816 0.029875000000000006
3 0.6065376344086022 0.15537499999999999 0.018623655913978427 0.03003125
6 0.8220215053763441 0.6088125 0.02415053763440864 0.04284374999999994
1 0.5061505376344086 0.366625 0.023698924731182756 0.03528124999999997
0 0.5045591397849463 0.75103125 0.02516129032258062 0.0375
5 0.38888172043010755 0.58703125 0.023161290322580606 0.037406250000000085
5 0.44881720430107525 0.595875 0.02212903225806456 0.03606250000000007
5 0.49451612903225806 0.6385625 0.023849462365591344 0.03490625000000005
5 0.518236559139785 0.638625 0.02268817204301078 0.03659374999999994
5 0.4150752688172043 0.6331249999999999 0.024193548387096774 0.035500000000000045
5 0.5045376344086022 0.5485625 0.023870967741935534 0.03324999999999996
5 0.5303225806451612 0.5703437499999999 0.026666666666666616 0.03168749999999996