2 0.5064516129032258 0.156 0.02273118279569891 0.028125
3 0.6050967741935483 0.1555 0.02292473118279563 0.03456250000000001
7 0.3263440860215054 0.11821875 0.019247311827956966 0.02937500000000002
1 0.5227311827956989 0.3881875 0.02118279569892478 0.04056250000000006
5 0.6444946236559139 0.5315624999999999 0.022150537634408503 0.03915624999999991
5 0.5819354838709678 0.6155 0.024064516129032376 0.03915624999999991
5 0.46243010752688174 0.48949999999999994 0.021763440860215064 0.032937500000000064
5 0.6912688172043011 0.65425 0.02572043010752696 0.04328125000000007
5 0.576494623655914 0.52584375 0.026408602150537575 0.03640624999999993
5 0.4889462365591398 0.6325624999999999 0.02681720430107533 0.03896875000000009
6 0.36376344086021506 0.55621875 0.025698924731182772 0.03734374999999997
5 0.8124731182795699 0.6057187500000001 0.029053763440860195 0.032468749999999956
4 0.8415268817204301 0.5716249999999999 0.02234408602150535 0.02921875000000007