3 0.603720430107527 0.15509375 0.02118279569892478 0.03315625
7 0.40337634408602147 0.15546875 0.021053763440860258 0.03228125
0 0.5046451612903226 0.74875 0.029397849462365625 0.03559374999999996
4 0.5089032258064515 0.5665312499999999 0.02320430107526886 0.022000000000000065
2 0.505247311827957 0.15709375 0.019849462365591437 0.03846875000000001
1 0.5057849462365591 0.3646875 0.020967741935483872 0.03365625000000003
6 0.641483870967742 0.743 0.025376344086021407 0.04328125000000007
5 0.5653548387096774 0.60675 0.025376344086021407 0.04328125000000007
5 0.5168172043010753 0.6371875 0.016537634408602144 0.03365624999999994
5 0.4550537634408602 0.65003125 0.020967741935483872 0.03687500000000003
5 0.49806451612903224 0.6364062500000001 0.020967741935483872 0.03206249999999997
5 0.4738064516129032 0.6371875 0.023161290322580606 0.03365624999999994
5 0.5179354838709678 0.60675 0.023161290322580606 0.03046875
5 0.4815268817204301 0.61634375 0.02978494623655919 0.014437500000000015
5 0.4942150537634409 0.6019375 0.024279569892473162 0.017624999999999957
5 0.5041290322580645 0.5899062500000001 0.030881720430107555 0.016031249999999986
5 0.37451612903225806 0.8143437499999999 0.027569892473118265 0.03528124999999997