3 0.6050967741935483 0.1555 0.02292473118279563 0.03456250000000001
7 0.4047311827956989 0.15646875 0.0191612903225807 0.03181249999999998
1 0.5055698924731182 0.36465625 0.021892473118279583 0.026531250000000027
2 0.5147741935483872 0.15078125 0.017548387096774247 0.02784374999999999
4 0.5064301075268818 0.57909375 0.024924731182795645 0.023843749999999986
0 0.4609247311827957 0.8225 0.027698924731182784 0.03746875000000003
5 0.5268817204301075 0.61853125 0.02118279569892478 0.030781250000000072
5 0.5111827956989247 0.60484375 0.022752688172042977 0.028500000000000015
5 0.5029247311827957 0.62609375 0.023526881720430104 0.03562499999999993
5 0.5386881720430108 0.6360625 0.024516129032258017 0.03275000000000006
5 0.48135483870967744 0.6510312500000001 0.023526881720430104 0.03703125000000007
5 0.4445806451612903 0.67240625 0.024516129032258017 0.034187499999999996
5 0.45243010752688173 0.6602812499999999 0.02253763440860219 0.029906249999999978
5 0.4475268817204301 0.62325 0.024516129032258017 0.029906249999999978
5 0.40488172043010756 0.61396875 0.01961290322580646 0.03134374999999991
5 0.41223655913978496 0.63178125 0.02058064516129031 0.03562499999999993
6 0.7988172043010753 0.71528125 0.02875268817204302 0.036093750000000036
5 0.5931182795698925 0.637375 0.023849462365591465 0.033218749999999984
5 0.5538709677419356 0.69296875 0.02286021505376343 0.037531249999999974
5 0.5161290322580645 0.69875 0.02681720430107533 0.037531249999999974
5 0.4249677419354839 0.58771875 0.022881720430107496 0.03556249999999998