2 0.5056559139784946 0.15553125 0.019247311827956966 0.030937500000000017
3 0.6037849462365591 0.15559375 0.020688172043010763 0.03199999999999999
4 0.546494623655914 0.428125 0.03092473118279569 0.04328125000000007
7 0.4045376344086022 0.156375 0.019311827956989287 0.030406250000000013
6 0.425247311827957 0.04603125 0.027290322580645156 0.03631249999999999
1 0.5037849462365591 0.366 0.023462365591397902 0.03571875000000002
5 0.30501075268817207 0.421 0.02726881720430109 0.03484374999999993
5 0.1738279569892473 0.64371875 0.026150537634408593 0.03671875
5 0.4760860215053763 0.661 0.022150537634408628 0.03300000000000001
5 0.5744086021505377 0.655 0.024752688172042993 0.03731249999999999
5 0.49451612903225806 0.63534375 0.02083870967741935 0.027937499999999994
5 0.5065161290322581 0.65471875 0.023247311827956994 0.034218749999999964
5 0.594967741935484 0.60709375 0.025655913978494517 0.03759374999999991
5 0.4789032258064516 0.624375 0.024236559139784907 0.03156250000000007
5 0.502021505376344 0.61453125 0.024580645161290337 0.030749999999999923
5 0.6444086021505376 0.6568125 0.024860215053763325 0.037124999999999984
5 0.49286021505376343 0.5744374999999999 0.02320430107526886 0.033937500000000044
5 0.5406236559139784 0.717625 0.02913978494623652 0.04162499999999998
5 0.22436559139784945 0.42012499999999997 0.02408602150537632 0.03962500000000002
0 0.5052903225806452 0.74909375 0.02584946236559136 0.04315625000000001
5 0.8513978494623655 0.4949375 0.027634408602150586 0.04468750000000003