7 0.3336344086021505 0.11884375 0.020817204301075285 0.03171875000000002
6 0.40002150537634407 0.08812500000000001 0.020817204301075285 0.034281250000000006
2 0.5055483870967742 0.1559375 0.02021505376344081 0.03171875000000002
3 0.6068602150537634 0.15584375 0.020623655913978564 0.030218750000000006
1 0.5062795698924731 0.36709375 0.023440860215053715 0.03309375000000001
5 0.15378494623655914 0.7106874999999999 0.027053763440860242 0.04140625
5 0.3805806451612903 0.56940625 0.026408602150537575 0.04243749999999995
5 0.4346666666666667 0.6783750000000001 0.025956989247311813 0.038406250000000065
5 0.4663225806451613 0.6770937499999999 0.02565591397849464 0.04353125000000002
5 0.5014193548387097 0.66278125 0.020795698924731217 0.03540624999999995
5 0.5243655913978494 0.6602187500000001 0.024322580645161296 0.037968749999999926
5 0.48692473118279567 0.6431875 0.022709677419354844 0.033468749999999936
5 0.4816989247311828 0.62053125 0.021978494623655972 0.026624999999999944
5 0.5042150537634409 0.621375 0.02286021505376343 0.02834374999999998
5 0.4934623655913979 0.60340625 0.024322580645161296 0.015499999999999936
5 0.5162795698924731 0.60821875 0.02402150537634412 0.028968749999999942
5 0.5004516129032258 0.588125 0.023290322580645128 0.016968750000000022
5 0.5833118279569892 0.6053437500000001 0.022989247311828075 0.03731249999999999
5 0.6446236559139785 0.53153125 0.022817204301075297 0.03856249999999992
0 0.5043655913978494 0.75134375 0.024924731182795645 0.04571874999999999
4 0.8418494623655913 0.5700624999999999 0.024301075268817106 0.03990624999999994
5 0.5205591397849463 0.63628125 0.021333333333333367 0.020500000000000008