7 0.4039139784946236 0.15525 0.021139784946236525 0.029625000000000012
2 0.5054623655913978 0.15525 0.020387096774193588 0.029625000000000012
3 0.6051182795698925 0.15578125 0.020387096774193588 0.028531249999999987
1 0.5043225806451612 0.3664375 0.021139784946236525 0.03950000000000005
5 0.5664086021505377 0.6055937499999999 0.024064516129032376 0.036374999999999956
4 0.5048172043010752 0.5713125 0.024064516129032255 0.0265625
5 0.45621505376344085 0.6496562499999999 0.02118279569892478 0.04056250000000006
5 0.4730537634408602 0.63846875 0.024064516129032255 0.03774999999999995
5 0.49615053763440864 0.63775 0.02212903225806456 0.036374999999999956
5 0.518774193548387 0.6370625000000001 0.023096774193548407 0.03496874999999999
5 0.48219354838709677 0.6209687500000001 0.0250322580645161 0.027968749999999966
5 0.506258064516129 0.6230625 0.026946236559139726 0.02937499999999993
5 0.4927956989247312 0.6041875 0.026946236559139726 0.019593749999999945
5 0.5178064516129032 0.608375 0.023096774193548407 0.030781250000000072