7 0.40458064516129033 0.156 0.02090322580645167 0.03271875
2 0.5062150537634408 0.15796875 0.02092473118279574 0.031937499999999994
3 0.6067956989247313 0.157625 0.021569892473118222 0.03328125000000002
5 0.6167311827956988 0.613 0.02399999999999993 0.03909374999999997
5 0.5464086021505375 0.6785625 0.02632258064516125 0.040687499999999946
5 0.5665161290322581 0.6061875 0.025440860215053852 0.04018750000000004
5 0.4710967741935484 0.63796875 0.023956989247311797 0.03628125000000004
0 0.50352688172043 0.7516875 0.02681720430107533 0.04509375000000002
5 0.7290107526881721 0.6684375 0.026881720430107527 0.043031249999999945
5 0.37421505376344083 0.81596875 0.023763440860215077 0.03806249999999993
5 0.5172903225806451 0.7559375 0.026967741935483916 0.03825000000000003
4 0.5043440860215054 0.56896875 0.0238924731182796 0.02546874999999993
5 0.4754838709677419 0.6876875 0.023161290322580606 0.03865625000000002
5 0.4970322580645161 0.67740625 0.022021505376344105 0.03946874999999998
1 0.5063440860215054 0.363 0.024129032258064575 0.038124999999999964
5 0.49430107526881717 0.6376875 0.02144086021505382 0.03296875000000003
5 0.5175268817204302 0.6385 0.022451612903225802 0.035500000000000045
5 0.4828387096774194 0.61515625 0.023075268817204342 0.015562500000000057
5 0.5072043010752688 0.61440625 0.02759139784946233 0.01587499999999995
5 0.4949677419354839 0.602375 0.02830107526881726 0.013187500000000085
5 0.5189032258064517 0.60659375 0.02092473118279574 0.024343750000000063
5 0.5042365591397849 0.58821875 0.024107526881720385 0.013468750000000007