3 0.603720430107527 0.15509375 0.02118279569892478 0.03315625
7 0.40440860215053764 0.1565625 0.01989247311827957 0.030500000000000017
1 0.504731182795699 0.36343749999999997 0.022387096774193604 0.032125
2 0.5055913978494624 0.15621875000000002 0.02092473118279574 0.03546874999999998
6 0.27720430107526883 0.657 0.029053763440860195 0.03715624999999996
5 0.41929032258064514 0.738 0.025419354838709662 0.03903125000000003
5 0.48318279569892475 0.61615625 0.022516129032258123 0.012656250000000036
5 0.5071397849462366 0.6166875 0.025419354838709662 0.009500000000000064
5 0.5296559139784947 0.6245937500000001 0.01961290322580646 0.03375000000000004
5 0.47156989247311826 0.63725 0.022516129032258123 0.027437499999999913
5 0.477741935483871 0.6604687499999999 0.02178494623655913 0.03375000000000004
5 0.4944301075268817 0.63725 0.020322580645161265 0.029531249999999964
5 0.5067741935483872 0.65253125 0.020322580645161265 0.030593750000000065
5 0.5169462365591397 0.6388125 0.018881720430107468 0.030593750000000065
5 0.5394623655913978 0.65253125 0.017419354838709725 0.030593750000000065
5 0.542 0.6335625 0.021053763440860258 0.030593750000000065
5 0.8393118279569892 0.65571875 0.02178494623655913 0.03903125000000003
0 0.5038709677419355 0.7485625 0.02178494623655913 0.034812499999999955
4 0.5077849462365591 0.57675 0.02707526881720425 0.02009375000000002