7 0.39599999999999996 0.14556249999999998 0.021483870967741955 0.03659375000000002
2 0.506494623655914 0.15590625 0.022516129032258123 0.03903124999999998
6 0.591741935483871 0.5001249999999999 0.024580645161290215 0.03890624999999996
1 0.47529032258064513 0.49965624999999997 0.02292473118279575 0.03981250000000003
0 0.6244301075268818 0.83515625 0.02707526881720437 0.031312499999999945
5 0.7840645161290322 0.8359062500000001 0.028344086021505267 0.0291875000000001
5 0.6610967741935484 0.8053125 0.026279569892473178 0.03921874999999986
5 0.5488387096774194 0.7856874999999999 0.027978494623655894 0.03828125
5 0.4848387096774193 0.7311875 0.026946236559139726 0.04253125000000004
5 0.4790752688172043 0.6516875 0.02172043010752693 0.03337500000000002
5 0.4713333333333333 0.6341875 0.018774193548387136 0.02575000000000003
5 0.4924731182795699 0.63025 0.020881720430107484 0.028781249999999935
5 0.6353333333333333 0.5621875000000001 0.022516129032258123 0.040625
5 0.7690752688172043 0.5560937499999999 0.022279569892473147 0.039406250000000045
5 0.4826451612903226 0.429125 0.02380645161290321 0.03387499999999992
3 0.7131397849462366 0.03528125 0.019655913978494595 0.02840625