2 0.5056344086021506 0.1566875 0.020860215053763415 0.025562500000000023
0 0.5046236559139785 0.7502187499999999 0.024322580645161296 0.04031249999999993
1 0.5055913978494624 0.36396875 0.02092473118279574 0.028718749999999994
7 0.3250322580645161 0.11615625 0.01944086021505381 0.03209374999999999
3 0.6076129032258065 0.1538125 0.019999999999999903 0.02999999999999998
5 0.3814193548387097 0.56925 0.02322580645161293 0.031874999999999966
5 0.6440645161290323 0.5321875 0.01935483870967742 0.03093749999999993
5 0.49434408602150537 0.6058125000000001 0.01677419354838712 0.03375000000000004
5 0.4882150537634409 0.63253125 0.020000000000000025 0.02531250000000007
5 0.4882150537634409 0.65128125 0.021290322580645112 0.029062500000000036
5 0.520494623655914 0.63628125 0.021290322580645112 0.027187499999999965
5 0.5256559139784946 0.6588125 0.02516129032258062 0.0328125
5 0.5014408602150537 0.6663125 0.02322580645161293 0.038437500000000034
5 0.4662795698924731 0.67521875 0.02258064516129032 0.03375000000000004
5 0.4365806451612903 0.67803125 0.023870967741935534 0.03375000000000004
4 0.8421935483870968 0.57175 0.028387096774193647 0.038718749999999955
6 0.2874408602150538 0.79353125 0.027376344086021544 0.04528125000000003
5 0.47529032258064513 0.5418125 0.02172043010752693 0.038406250000000065
5 0.5612043010752688 0.37653125 0.02172043010752693 0.03428125
5 0.6041505376344086 0.58296875 0.026430107526881644 0.038406250000000065
5 0.6848602150537634 0.6261875 0.02172043010752693 0.04253125000000004
5 0.7702795698924731 0.6063125 0.026430107526881644 0.038406250000000065