2 0.5048387096774194 0.15625 0.0199354838709677 0.030156250000000016
0 0.504021505376344 0.7480625 0.026580645161290353 0.033781250000000006
7 0.4032688172043011 0.15540625 0.020172043010752677 0.030343749999999982
3 0.6041935483870967 0.15540625 0.021612903225806356 0.026156250000000013
1 0.5066236559139785 0.36731250000000004 0.020881720430107484 0.03559375000000005
6 0.6538709677419355 0.5255625 0.025612903225806383 0.03853124999999995
5 0.5313333333333333 0.57075 0.021956989247311785 0.03587500000000006
5 0.5047956989247312 0.55015625 0.021956989247311785 0.03987499999999997
5 0.3895698924731183 0.58803125 0.023784946236559145 0.03587500000000006
5 0.4161075268817204 0.6325624999999999 0.025612903225806505 0.04253125000000004
5 0.44855913978494627 0.59665625 0.02286021505376343 0.03456250000000001
5 0.4933763440860215 0.6371875 0.02468817204301079 0.033218749999999984
5 0.5180645161290323 0.63853125 0.02651612903225803 0.03587500000000006