2 0.5055913978494624 0.15284375 0.01860215053763436 0.03209374999999999
5 0.4927956989247312 0.63334375 0.02092473118279574 0.03715624999999996
5 0.4712903225806452 0.6409374999999999 0.022086021505376304 0.038843750000000024
5 0.48118279569892475 0.657 0.023247311827956994 0.030406250000000058
5 0.6617204301075269 0.80796875 0.02752688172043001 0.04181249999999999
7 0.39544086021505376 0.14750000000000002 0.01929032258064522 0.025375000000000016
5 0.7669462365591397 0.5568125 0.022967741935483763 0.03865625000000002
3 0.7106881720430108 0.033187499999999995 0.016086021505376382 0.02878125
6 0.403247311827957 0.600875 0.028967741935483928 0.03334375000000005
1 0.5028602150537634 0.36490625 0.02294623655913982 0.02806249999999997
0 0.6392903225806451 0.8184374999999999 0.022946236559139698 0.043874999999999886
5 0.778731182795699 0.8254374999999999 0.026559139784946284 0.033343749999999873
5 0.8445376344086021 0.8350937500000001 0.03260215053763434 0.024562500000000043