7 0.4033548387096774 0.156375 0.02234408602150535 0.03300000000000001
2 0.5063655913978495 0.15840625 0.018924731182795723 0.027718750000000014
6 0.7613118279569893 0.10965625000000001 0.022881720430107496 0.037406249999999995
3 0.6051612903225806 0.15659375 0.01800000000000001 0.03003125
1 0.5074408602150537 0.36921875000000004 0.019376344086021485 0.03471875000000004
5 0.5307311827956989 0.57096875 0.023763440860215077 0.03903125000000003
0 0.5039139784946236 0.749 0.026215053763440854 0.038718749999999955
5 0.5056774193548387 0.54790625 0.02556989247311825 0.04081250000000001
5 0.44847311827956987 0.5963125 0.02253763440860219 0.03803125000000005
5 0.3668817204301075 0.6810625 0.026279569892473178 0.04446875000000006
5 0.5211397849462366 0.6910000000000001 0.027032258064516115 0.03874999999999993
4 0.5043655913978494 0.58415625 0.02578494623655916 0.04009374999999995
5 0.1433763440860215 0.59196875 0.027376344086021482 0.03650000000000002
5 0.3895698924731183 0.59103125 0.023784946236559145 0.03759374999999991