7 0.40458064516129033 0.156 0.02090322580645167 0.03271875
2 0.5062150537634408 0.15796875 0.02092473118279574 0.031937499999999994
3 0.6067956989247313 0.157625 0.021569892473118222 0.03328125000000002
6 0.34776344086021505 0.7464375000000001 0.031827956989247334 0.04587500000000002
5 0.411741935483871 0.6559375000000001 0.024774193548387058 0.03693749999999998
5 0.507225806451613 0.6394062500000001 0.02286021505376343 0.035781249999999966
5 0.46243010752688174 0.6319375 0.025182795698924686 0.03656249999999996
5 0.4680860215053763 0.60825 0.025999999999999947 0.03275000000000006
5 0.49821505376344083 0.61253125 0.024580645161290337 0.030625000000000034
5 0.5199354838709678 0.7790625 0.025763440860215092 0.04281250000000005
1 0.7190967741935483 0.047843750000000004 0.024129032258064575 0.038125
5 0.17369892473118279 0.64359375 0.029548387096774213 0.04684375000000003
0 0.5041075268817204 0.75084375 0.02681720430107533 0.04509375000000002
4 0.5068387096774194 0.5831875 0.027440860215053743 0.04387500000000007
5 0.37668817204301075 0.6915312499999999 0.026881720430107527 0.043031249999999945
5 0.15066666666666667 0.53628125 0.023763440860215077 0.03806250000000002