5 0.4280215053763441 0.44903125 0.024580645161290337 0.030843750000000014
5 0.3671182795698925 0.7267187500000001 0.02793548387096776 0.03734374999999997
1 0.7074193548387097 0.05846875 0.015655913978494564 0.032468750000000005
3 0.6071397849462365 0.15603125 0.02204301075268817 0.03678124999999999
2 0.5056344086021506 0.1566875 0.020860215053763415 0.025562500000000023
7 0.4039784946236559 0.15528124999999998 0.022150537634408628 0.032187499999999994
5 0.23868817204301074 0.6435 0.02354838709677417 0.03650000000000002
6 0.551505376344086 0.6715 0.03017204301075263 0.040593750000000026
5 0.46178494623655914 0.62771875 0.02531182795698921 0.037968749999999926
5 0.4687311827956989 0.6093124999999999 0.021225806451612914 0.036781249999999946
5 0.49404301075268814 0.6164375 0.02286021505376343 0.02965625000000003
4 0.5066881720430108 0.58025 0.026946236559139726 0.033218749999999984