2 0.5055913978494624 0.15284375 0.01860215053763436 0.03209374999999999
5 0.4927956989247312 0.63334375 0.02092473118279574 0.03715624999999996
5 0.4712903225806452 0.6409374999999999 0.022086021505376304 0.038843750000000024
3 0.6049462365591398 0.155875 0.02225806451612908 0.024593750000000015
7 0.403741935483871 0.15525 0.02225806451612908 0.025875000000000002
1 0.5056774193548387 0.36221875 0.0213763440860215 0.031062499999999993
6 0.29290322580645156 0.48578124999999994 0.02313978494623654 0.034937500000000024
4 0.504774193548387 0.57115625 0.02313978494623654 0.027156249999999993
5 0.5653118279569893 0.6035 0.024924731182795767 0.034937500000000024
5 0.6169462365591398 0.6125625 0.024924731182795767 0.037531249999999974
5 0.3743655913978495 0.8137187499999999 0.02759139784946233 0.03881249999999996
5 0.4749677419354839 0.68240625 0.020473118279569852 0.037531249999999974
5 0.4958709677419355 0.67528125 0.02313978494623654 0.04140625
5 0.5145806451612903 0.6390625 0.02313978494623654 0.03881250000000005
5 0.5470752688172043 0.67659375 0.02225806451612908 0.036218749999999925
5 0.517247311827957 0.60996875 0.02313978494623654 0.032343750000000074
5 0.49410752688172044 0.610625 0.019591397849462396 0.028468750000000043
0 0.505225806451613 0.75096875 0.02582795698924729 0.04268750000000008