6 0.17713978494623656 0.73084375 0.02651612903225809 0.04006249999999998
0 0.5056344086021506 0.74934375 0.024731182795698924 0.03859375000000007
5 0.8561505376344086 0.6573125 0.024322580645161174 0.040437499999999994
7 0.40376344086021504 0.1536875 0.02109677419354839 0.032343749999999984
2 0.5393333333333333 0.096125 0.019247311827956966 0.030937499999999996
3 0.6037849462365591 0.15559375 0.020688172043010763 0.03199999999999999
5 0.566258064516129 0.25375000000000003 0.02238709677419348 0.033624999999999974
1 0.5041075268817204 0.36428125 0.022645161290322523 0.034781249999999986
5 0.15948387096774194 0.60165625 0.02664516129032255 0.037374999999999936
5 0.6587741935483871 0.55546875 0.023118279569892472 0.03528125000000006
5 0.4264731182795699 0.58509375 0.026881720430107527 0.041874999999999926
5 0.5991182795698924 0.5595 0.02556989247311825 0.03953124999999993
5 0.5098709677419355 0.5895625 0.024924731182795645 0.03203125
5 0.4908817204301075 0.603875 0.02354838709677417 0.03596874999999997
4 0.5077204301075269 0.5675625 0.02490322580645158 0.02243750000000002