7 0.4038924731182796 0.15371875 0.01997849462365596 0.029281250000000016
2 0.5056559139784946 0.15690625 0.02021505376344081 0.028937500000000015
1 0.5038064516129033 0.3649375 0.020946236559139804 0.030437500000000027
6 0.703505376344086 0.6292187499999999 0.026279569892473178 0.04540624999999991
0 0.5057849462365591 0.7512187499999999 0.024860215053763447 0.04018750000000004
5 0.532494623655914 0.8041874999999999 0.024129032258064575 0.04096875000000004
5 0.533483870967742 0.65575 0.02172043010752693 0.034187499999999996
5 0.544236559139785 0.63753125 0.02172043010752693 0.0359375
4 0.5069247311827957 0.57303125 0.026602150537634418 0.021000000000000085
5 0.47101075268817205 0.6368750000000001 0.02382795698924728 0.03462499999999995
5 0.49376344086021506 0.6358125 0.021225806451612914 0.03331250000000008
5 0.5176344086021505 0.63840625 0.022817204301075297 0.03506250000000009
5 0.4826236559139785 0.61484375 0.022021505376344105 0.013937499999999936
5 0.5058924731182796 0.61440625 0.024408602150537684 0.013062500000000022
5 0.4938279569892473 0.6012500000000001 0.023526881720430104 0.01453124999999993
5 0.5178279569892473 0.6058749999999999 0.02083870967741935 0.025500000000000078
5 0.5016344086021505 0.585 0.027784946236559173 0.015812500000000007
3 0.25159139784946233 0.07340624999999999 0.017935483870967748 0.028218750000000004
5 0.44191397849462366 0.749375 0.024989247311827965 0.037437500000000054