2 0.5056559139784946 0.15553125 0.019247311827956966 0.030937500000000017
3 0.6037849462365591 0.15559375 0.020688172043010763 0.03199999999999999
7 0.4045376344086022 0.156375 0.019311827956989287 0.030406250000000013
6 0.5497204301075269 0.68721875 0.027290322580645218 0.03959375000000005
1 0.5037849462365591 0.366 0.023462365591397902 0.03571875000000002
5 0.7312258064516128 0.69521875 0.02726881720430097 0.03484374999999993
5 0.13726881720430106 0.643875 0.02359139784946236 0.03300000000000001
5 0.5758709677419355 0.65671875 0.022150537634408503 0.03300000000000001
5 0.6453118279569893 0.6543125 0.02572043010752696 0.03312500000000007
5 0.20630107526881722 0.4639375 0.027720430107526853 0.03618749999999995
5 0.7883655913978495 0.5265 0.027698924731182784 0.03881250000000005
5 0.5954838709677419 0.61040625 0.028774193548387086 0.03462499999999995
4 0.5424301075268818 0.44721875000000005 0.023182795698924733 0.038093749999999996