7 0.4038709677419355 0.1555 0.020172043010752677 0.030906250000000003
6 0.581247311827957 0.5228125 0.02815053763440867 0.03996875000000007
2 0.5389247311827957 0.09784375 0.020150537634408612 0.030875000000000007
3 0.6050752688172043 0.15859375 0.0238924731182796 0.03296874999999999
1 0.5056559139784946 0.36546875 0.022967741935483885 0.035781249999999966
5 0.4954193548387097 0.643375 0.02124731182795698 0.034062499999999926
5 0.5194193548387097 0.6408437499999999 0.022451612903225802 0.036093750000000036
5 0.5061720430107527 0.6149375 0.022473118279569868 0.02371874999999992
5 0.5204086021505376 0.609375 0.019913978494623636 0.03334375000000005
5 0.48516129032258065 0.6168750000000001 0.0203010752688172 0.022718749999999944
5 0.5073548387096773 0.59109375 0.02380645161290321 0.027156249999999993
4 0.5087956989247312 0.56875 0.02490322580645158 0.019624999999999913
5 0.8558709677419355 0.65909375 0.026000000000000068 0.04037500000000005
5 0.19903225806451613 0.47328125 0.026236559139784923 0.04250000000000007
5 0.47335483870967743 0.599 0.023333333333333383 0.032187500000000036
0 0.5046881720430108 0.7503437500000001 0.025397849462365597 0.04371875000000003
5 0.5673978494623655 0.25315625 0.020172043010752677 0.03075000000000001