3 0.6071397849462365 0.15603125 0.02204301075268817 0.03678124999999999
2 0.5056344086021506 0.1566875 0.020860215053763415 0.025562500000000023
7 0.4039784946236559 0.15528124999999998 0.022150537634408628 0.032187499999999994
0 0.5046236559139785 0.7502187499999999 0.024322580645161296 0.04031249999999993
1 0.5055913978494624 0.36396875 0.02092473118279574 0.028718749999999994
4 0.5070967741935484 0.58025 0.024494623655913948 0.026093750000000072
5 0.3825591397849462 0.57084375 0.02055913978494624 0.03865625000000002
5 0.48234408602150536 0.6656875 0.022301075268817215 0.03240625000000001
5 0.4721720430107527 0.63609375 0.02326881720430106 0.03803125000000005
5 0.4949462365591398 0.6368125 0.02036559139784952 0.028187499999999942
5 0.5051182795698924 0.64946875 0.02326881720430106 0.03381249999999998
5 0.5293763440860215 0.65371875 0.021333333333333367 0.04509375000000002
5 0.5400215053763441 0.6375 0.025204301075268876 0.029593750000000085
5 0.5187096774193548 0.6325624999999999 0.021333333333333367 0.019718750000000007
5 0.48137634408602153 0.61709375 0.022301075268817215 0.022531249999999937
5 0.5065806451612903 0.6191875 0.024236559139784907 0.023937500000000077
5 0.5293763440860215 0.616375 0.021333333333333367 0.015499999999999936
5 0.4944731182795699 0.6036875 0.019397849462365554 0.023937500000000077
5 0.5162795698924731 0.603 0.02036559139784952 0.025375000000000016
5 0.4788817204301075 0.5675625 0.023462365591397902 0.03734374999999997
6 0.4633118279569892 0.13868750000000002 0.018494623655914026 0.03300000000000001