7 0.4039139784946236 0.15525 0.021139784946236525 0.029625000000000012
2 0.5054623655913978 0.15525 0.020387096774193588 0.029625000000000012
3 0.6051182795698925 0.15578125 0.020387096774193588 0.028531249999999987
1 0.5043225806451612 0.3664375 0.021139784946236525 0.03950000000000005
4 0.504 0.56940625 0.025483870967741986 0.024062499999999966
6 0.4433978494623656 0.62184375 0.024731182795698924 0.044906250000000016
0 0.5038924731182796 0.74890625 0.025612903225806505 0.03978125000000006
5 0.3736129032258064 0.81309375 0.024731182795698924 0.0372187499999999
5 0.5038494623655914 0.5911875 0.023913978494623667 0.022843750000000006
5 0.4946236559139785 0.6075625 0.025956989247311813 0.01984375000000007
5 0.5168172043010753 0.6090625000000001 0.025268817204301075 0.03275000000000006
5 0.4840215053763441 0.61896875 0.023913978494623667 0.018875000000000065
5 0.5062365591397849 0.616 0.021870967741935518 0.014906249999999944
5 0.4720860215053764 0.634375 0.02322580645161293 0.03178125000000005
5 0.49258064516129035 0.634375 0.02049462365591392 0.03375000000000004
5 0.5168172043010753 0.63534375 0.030752688172043036 0.039718749999999935
5 0.5643010752688171 0.60459375 0.02733333333333341 0.03574999999999999