7 0.40458064516129033 0.156 0.02090322580645167 0.03271875
2 0.5062150537634408 0.15796875 0.02092473118279574 0.031937499999999994
3 0.6067956989247313 0.157625 0.021569892473118222 0.03328125000000002
6 0.3195698924731183 0.735125 0.029118279569892516 0.04806249999999999
0 0.5060215053763442 0.749 0.025634408602150573 0.040625
5 0.46243010752688174 0.6319375 0.025182795698924686 0.03656249999999996
5 0.4680860215053763 0.60825 0.025999999999999947 0.03275000000000006
5 0.49294623655913977 0.61575 0.026236559139784923 0.03546875000000007
1 0.7080430107526882 0.053625 0.024129032258064575 0.038124999999999985
5 0.15587096774193548 0.690875 0.026881720430107527 0.043031249999999945
5 0.15066666666666667 0.53628125 0.023763440860215077 0.03806250000000002
4 0.5044516129032258 0.5825 0.028602150537634433 0.03825000000000003
5 0.4295913978494623 0.44990625 0.025419354838709662 0.038124999999999964
5 0.23767741935483871 0.64784375 0.0253548387096774 0.04109374999999993