1 0.5068817204301075 0.363375 0.022817204301075297 0.03328125000000002
3 0.6052043010752689 0.1565625 0.023225806451612804 0.031937499999999994
2 0.5055483870967742 0.15484375 0.022559139784946256 0.03340624999999999
7 0.4039354838709678 0.15362499999999998 0.021333333333333367 0.032906250000000005
5 0.3900860215053763 0.59109375 0.026043010752688202 0.03918750000000006
6 0.509505376344086 0.60353125 0.02651612903225803 0.034468749999999916
5 0.415505376344086 0.6319375 0.026279569892473178 0.03806250000000002
5 0.4768817204301075 0.57665625 0.024559139784946272 0.03693749999999998
5 0.4496774193548387 0.5950624999999999 0.023870967741935534 0.03662500000000009
4 0.4700645161290323 0.68521875 0.027440860215053743 0.03865625000000002
5 0.5047096774193548 0.54878125 0.02320430107526886 0.03728125000000002
5 0.5306666666666666 0.57103125 0.024774193548387058 0.03728125000000002
5 0.4934623655913979 0.6367499999999999 0.02361290322580649 0.03731249999999999
5 0.5168172043010753 0.63690625 0.02191397849462365 0.03574999999999999