7 0.3265376344086022 0.11884375 0.02234408602150535 0.03300000000000001
2 0.5063655913978495 0.15840625 0.018924731182795723 0.027718750000000014
6 0.37206451612903224 0.6677187499999999 0.024666666666666726 0.036843750000000064
3 0.6051612903225806 0.15659375 0.01800000000000001 0.03003125
1 0.5225591397849463 0.39028125 0.019376344086021485 0.03471874999999995
5 0.6447096774193549 0.53015625 0.023763440860214955 0.03903125000000003
5 0.4635698924731183 0.489375 0.026215053763440854 0.038718749999999955
5 0.504731182795699 0.6831875000000001 0.023935483870967732 0.038374999999999916
5 0.5080860215053763 0.6484062500000001 0.024107526881720385 0.03309374999999992
5 0.5316774193548387 0.66121875 0.021419354838709635 0.036374999999999956
5 0.5841505376344086 0.61671875 0.02253763440860219 0.03803125000000005
5 0.4878924731182796 0.62971875 0.025010752688172034 0.03209374999999994
5 0.4933763440860215 0.6058749999999999 0.024752688172042993 0.03324999999999996
4 0.8409462365591398 0.56809375 0.018430107526881827 0.026531250000000027