7 0.40591397849462363 0.15475 0.020817204301075285 0.03171875000000002
2 0.5055483870967742 0.1559375 0.02021505376344081 0.03171875000000002
1 0.5068817204301075 0.3676875 0.023440860215053715 0.03309375000000001
5 0.8870537634408603 0.82090625 0.024731182795698924 0.045781249999999926
5 0.37393548387096776 0.81765625 0.026408602150537575 0.04243750000000004
5 0.5446236559139785 0.6791875 0.025956989247311876 0.038406250000000065
5 0.4764731182795699 0.68453125 0.02565591397849464 0.03787500000000001
5 0.4975698924731183 0.67465625 0.020795698924731217 0.03540624999999995
5 0.5657204301075269 0.605 0.024322580645161174 0.037968749999999926
5 0.471741935483871 0.63765625 0.02152688172043009 0.028781249999999935
5 0.49376344086021506 0.63478125 0.02322580645161293 0.029281250000000016
5 0.48494623655913977 0.61509375 0.02578494623655916 0.01662499999999998
5 0.5064086021505376 0.61421875 0.025182795698924686 0.02006250000000005
5 0.6155268817204301 0.61121875 0.022817204301075297 0.03856249999999992
0 0.5043655913978494 0.75134375 0.024924731182795645 0.04571874999999999
4 0.5038064516129033 0.5660624999999999 0.02488172043010751 0.02134374999999995
5 0.516752688172043 0.6355625 0.022903225806451565 0.029875000000000006
6 0.6683440860215053 0.68403125 0.027591397849462452 0.04271875000000005
3 0.6047741935483871 0.15618749999999998 0.020731182795698896 0.026937500000000014
5 0.518731182795699 0.60503125 0.023247311827956994 0.026093750000000072
5 0.49524731182795695 0.600875 0.02490322580645158 0.014031250000000028
5 0.5029247311827957 0.5864375 0.025612903225806505 0.01453124999999993