2 0.5055913978494624 0.15284375 0.01860215053763436 0.03209374999999999
5 0.4927956989247312 0.63334375 0.02092473118279574 0.03715624999999996
5 0.4712903225806452 0.6409374999999999 0.022086021505376304 0.038843750000000024
5 0.48118279569892475 0.657 0.023247311827956994 0.030406250000000058
5 0.6617204301075269 0.80796875 0.02752688172043001 0.04181249999999999
5 0.7843225806451612 0.8352499999999999 0.02752688172043001 0.027281250000000055
7 0.39544086021505376 0.14750000000000002 0.01929032258064522 0.025375000000000016
1 0.4747741935483871 0.49759374999999995 0.0264731182795699 0.03365624999999994
5 0.7669462365591397 0.5568125 0.022967741935483763 0.03865625000000002
5 0.6353333333333333 0.561875 0.025698924731182893 0.04221874999999997
0 0.6242795698924731 0.834 0.024838709677419257 0.03418750000000017
3 0.7131612903225807 0.03228125 0.021053763440860136 0.030593749999999996
5 0.4869462365591398 0.727125 0.026881720430107527 0.04415624999999999
5 0.5499139784946238 0.78603125 0.025827956989247353 0.044062499999999984
5 0.48191397849462364 0.43274999999999997 0.023784946236559145 0.038718749999999955
5 0.4559569892473119 0.6983125 0.02234408602150535 0.04221874999999997
6 0.6551397849462365 0.65690625 0.026602150537634418 0.03512500000000003