3 0.6071397849462365 0.15603125 0.02204301075268817 0.03678124999999999
2 0.5056344086021506 0.1566875 0.020860215053763415 0.025562500000000023
7 0.4039784946236559 0.15528124999999998 0.022150537634408628 0.032187499999999994
0 0.5046236559139785 0.7502187499999999 0.024322580645161296 0.04031249999999993
1 0.5055913978494624 0.36396875 0.02092473118279574 0.028718749999999994
4 0.5070967741935484 0.58025 0.024494623655913948 0.026093750000000072
5 0.3825591397849462 0.57084375 0.02055913978494624 0.03865625000000002
5 0.5187096774193548 0.6325624999999999 0.021333333333333367 0.019718750000000007
5 0.4944731182795699 0.6036875 0.019397849462365554 0.023937500000000077
5 0.5162795698924731 0.603 0.02036559139784952 0.025375000000000016
6 0.2944731182795699 0.81078125 0.024795698924731123 0.04803125000000001
5 0.543483870967742 0.56078125 0.02273118279569891 0.037531249999999974
5 0.5548602150537634 0.61409375 0.02273118279569897 0.03903125000000003
5 0.5827526881720431 0.667375 0.024795698924731123 0.037531249999999974
5 0.48354838709677417 0.62234375 0.020666666666666694 0.03153124999999992
5 0.4902795698924731 0.6441250000000001 0.023763440860215077 0.03303124999999998
5 0.5006021505376345 0.663625 0.023763440860215077 0.03903125000000003
5 0.5238494623655914 0.658375 0.02686021505376346 0.03153124999999992
5 0.47219354838709676 0.67040625 0.02686021505376346 0.037531249999999974
5 0.4556559139784946 0.653875 0.02273118279569891 0.034531250000000034
4 0.5858494623655914 0.5818125000000001 0.024795698924731123 0.034531250000000034