2 0.5064516129032258 0.156 0.02273118279569891 0.028125
3 0.6050967741935483 0.1555 0.02292473118279563 0.03456250000000001
7 0.3263440860215054 0.11821875 0.019247311827956966 0.02937500000000002
1 0.5227311827956989 0.3881875 0.02118279569892478 0.040562500000000015
5 0.6444946236559139 0.5315624999999999 0.022150537634408503 0.03915624999999991
5 0.812494623655914 0.603625 0.026946236559139726 0.032187500000000036
5 0.8596559139784946 0.6231875 0.023096774193548407 0.03496874999999999
5 0.5819354838709678 0.6155 0.024064516129032376 0.03915624999999991
4 0.8421935483870968 0.56953125 0.027376344086021544 0.03093749999999993
5 0.5780645161290323 0.523625 0.023849462365591465 0.03849999999999998
5 0.6902365591397849 0.65134375 0.025612903225806383 0.03978125000000006
6 0.4105806451612903 0.550125 0.024494623655913948 0.03284374999999997