2 0.5056559139784946 0.15553125 0.019247311827956966 0.030937500000000017
3 0.6037849462365591 0.15559375 0.020688172043010763 0.03199999999999999
4 0.502731182795699 0.5674375 0.03092473118279569 0.04328125000000007
7 0.4045376344086022 0.156375 0.019311827956989287 0.030406250000000013
6 0.3513118279569893 0.6175625 0.027290322580645156 0.03631250000000001
1 0.5037849462365591 0.366 0.023462365591397902 0.03571875000000002
5 0.5670107526881721 0.60528125 0.02726881720430097 0.03484374999999993
5 0.37449462365591396 0.818125 0.026150537634408656 0.03671875
5 0.4742795698924731 0.63609375 0.023354838709677448 0.0359375
5 0.504731182795699 0.5879375 0.024752688172042993 0.01799999999999997
5 0.49470967741935484 0.633875 0.02204301075268817 0.033218749999999984
5 0.48393548387096774 0.6153125 0.02382795698924728 0.016906250000000077
5 0.5165161290322581 0.6361875 0.024580645161290337 0.030749999999999923
5 0.5166236559139785 0.60840625 0.025612903225806505 0.029250000000000043
5 0.49511827956989246 0.604875 0.029935483870967776 0.023468749999999972
5 0.45546236559139786 0.6498437499999999 0.02529032258064514 0.03962500000000002