7 0.4039139784946236 0.15525 0.021139784946236525 0.029625000000000012
2 0.5054623655913978 0.15525 0.020387096774193588 0.029625000000000012
3 0.6051182795698925 0.15578125 0.020387096774193588 0.028531249999999987
1 0.5058494623655914 0.36593749999999997 0.020258064516129066 0.030718750000000038
6 0.4726021505376344 0.5419375 0.02434408602150536 0.03440624999999997
5 0.566 0.60596875 0.02301075268817214 0.03821875000000006
5 0.4726021505376344 0.638 0.02434408602150536 0.03343749999999997
5 0.49595698924731185 0.63846875 0.02367741935483869 0.03440624999999997
5 0.517978494623656 0.63896875 0.02169892473118274 0.03343749999999997
5 0.4821290322580645 0.616 0.024989247311827965 0.02006250000000005
5 0.5061505376344086 0.61553125 0.026967741935483916 0.01721874999999997
5 0.49529032258064515 0.6040625000000001 0.02367741935483869 0.026750000000000006
5 0.5186451612903226 0.60884375 0.02434408602150536 0.03440624999999997
5 0.5041720430107527 0.59021875 0.02169892473118274 0.02006250000000005
5 0.374752688172043 0.8143750000000001 0.025483870967741986 0.035812500000000115
0 0.5026451612903226 0.7489375 0.028043010752688217 0.04321874999999995