3 0.6071397849462365 0.15603125 0.02204301075268817 0.03678124999999999
2 0.5056344086021506 0.1566875 0.020860215053763415 0.025562500000000023
7 0.4039784946236559 0.15528124999999998 0.022150537634408628 0.032187499999999994
0 0.5048172043010752 0.74790625 0.025462365591397796 0.03699999999999992
1 0.5063440860215054 0.36475 0.02111827956989246 0.02728124999999997
6 0.35423655913978497 0.74771875 0.026580645161290353 0.04546875000000004
4 0.502731182795699 0.65109375 0.026150537634408656 0.039718749999999935
5 0.47243010752688175 0.635125 0.023763440860215077 0.03368749999999991
5 0.5169892473118279 0.6368437499999999 0.0249677419354839 0.03540624999999995
5 0.49352688172043013 0.63596875 0.023182795698924674 0.03368749999999991
5 0.518774193548387 0.6070625 0.0249677419354839 0.02937499999999993
5 0.5036344086021506 0.5897812499999999 0.020795698924731217 0.017281249999999915
5 0.4831182795698925 0.6165625 0.02258064516129032 0.01899999999999995
5 0.49531182795698925 0.60359375 0.021978494623655972 0.020718749999999987