7 0.40344086021505376 0.15646875 0.024258064516128972 0.030843750000000014
1 0.5040430107526882 0.36512500000000003 0.021225806451612914 0.033781250000000006
2 0.5057849462365591 0.15625 0.02191397849462365 0.03337500000000002
3 0.6048817204301075 0.15478125 0.02200000000000004 0.033656249999999985
5 0.6166666666666667 0.61028125 0.025376344086021407 0.043031249999999945
5 0.5659139784946237 0.606 0.02367741935483869 0.03687500000000003
5 0.5464516129032257 0.6785 0.02200000000000004 0.03687500000000003
5 0.49610752688172044 0.6754374999999999 0.022838709677419366 0.03565625000000008
5 0.477505376344086 0.6877187499999999 0.022838709677419366 0.038093749999999996
5 0.4707311827956989 0.63609375 0.024537634408602203 0.03565625000000008
5 0.4935698924731183 0.634875 0.026215053763440854 0.03565625000000008
5 0.5185376344086021 0.63425 0.02367741935483869 0.03934374999999992
5 0.5176989247311827 0.6090625000000001 0.02200000000000004 0.03071874999999995
5 0.503741935483871 0.59184375 0.022838709677419366 0.023343750000000087
5 0.48258064516129034 0.6164375 0.019462365591397874 0.023343750000000087
5 0.3751612903225806 0.813125 0.027913978494623695 0.0356562499999999
6 0.19455913978494624 0.553125 0.02537634408602153 0.04178125000000001
0 0.5045806451612903 0.74734375 0.024537634408602203 0.03934374999999992