2 0.5079569892473118 0.15609375 0.019247311827956966 0.030937500000000017
3 0.6037849462365591 0.15559375 0.020688172043010763 0.03199999999999999
5 0.37468817204301075 0.817375 0.025075268817204354 0.041874999999999926
4 0.5040645161290322 0.56803125 0.02490322580645158 0.02243750000000002
5 0.4728172043010753 0.63603125 0.02294623655913982 0.03315625000000004
7 0.4045376344086022 0.156375 0.019311827956989287 0.030406250000000013
5 0.564989247311828 0.6036875 0.02163440860215042 0.03462499999999995
6 0.6411827956989247 0.7450625 0.0249032258064517 0.0390625
0 0.5043440860215054 0.75128125 0.026215053763440854 0.04096875000000004
1 0.5023655913978494 0.36393749999999997 0.023462365591397902 0.03571875000000002
5 0.45333333333333337 0.6481874999999999 0.021870967741935518 0.03468750000000007
5 0.4945806451612903 0.6371875 0.022473118279569868 0.03256250000000005
5 0.5176559139784946 0.63846875 0.023935483870967732 0.03603124999999992
5 0.4844516129032258 0.6163125 0.024559139784946272 0.017812499999999964
5 0.507505376344086 0.61615625 0.024752688172042993 0.017531250000000043
5 0.4956774193548387 0.6025625 0.025268817204301075 0.018281250000000072
5 0.5189892473118279 0.6051875 0.02165591397849461 0.028031250000000084
5 0.5029677419354839 0.587375 0.02681720430107533 0.016750000000000043