1 0.5063870967741936 0.3645 0.021849462365591453 0.032468750000000046
3 0.6052043010752689 0.1565625 0.023225806451612804 0.031937499999999994
2 0.5055483870967742 0.15484375 0.022559139784946256 0.03340624999999999
7 0.4039354838709678 0.15362499999999998 0.021333333333333367 0.032906250000000005
5 0.3741290322580645 0.81440625 0.03030107526881715 0.039687500000000056
6 0.4295268817204301 0.14496875 0.025806451612903226 0.034343749999999985
5 0.47578494623655915 0.68296875 0.022967741935483885 0.036218749999999925
4 0.5037634408602151 0.5703437499999999 0.02348387096774197 0.027843750000000077
0 0.5038924731182796 0.74671875 0.026150537634408656 0.03984375
5 0.4980860215053764 0.67403125 0.02273118279569891 0.033500000000000085
5 0.5463870967741935 0.6765 0.023634408602150558 0.03650000000000002
5 0.7273763440860216 0.6676875 0.022989247311828075 0.041874999999999926
5 0.4721505376344086 0.634875 0.02415053763440864 0.03574999999999999
5 0.4950537634408602 0.6355000000000001 0.025010752688172034 0.033187500000000016
5 0.5176344086021505 0.64015625 0.023913978494623667 0.04056250000000006
5 0.5654408602150538 0.6038125 0.022795698924731232 0.03518749999999997
5 0.6162365591397849 0.6097187500000001 0.022559139784946256 0.03849999999999998
5 0.4844731182795699 0.61390625 0.02204301075268817 0.013687499999999986
5 0.5090107526881721 0.6155 0.026064516129032267 0.014968750000000064
5 0.49436559139784947 0.60103125 0.026172043010752724 0.015437499999999993
5 0.5191182795698924 0.60475 0.018881720430107468 0.023812500000000014
5 0.503247311827957 0.5895625 0.02367741935483869 0.01431249999999995