2 0.5055913978494624 0.15284375 0.01860215053763436 0.03209374999999999
3 0.6052903225806451 0.15434375 0.018860215053763403 0.031062499999999993
7 0.396258064516129 0.27928125000000004 0.017569892473118316 0.030031250000000044
1 0.5057634408602151 0.36784374999999997 0.023763440860215077 0.03603125
6 0.6121935483870968 0.23121874999999997 0.019634408602150526 0.03303124999999998
5 0.1529247311827957 0.60884375 0.024795698924731185 0.04053125000000009
5 0.3667956989247312 0.67865625 0.020666666666666694 0.03903125000000003
5 0.3895268817204301 0.5908125 0.024795698924731123 0.03153124999999992
5 0.4489462365591398 0.5953125 0.02582795698924729 0.04053125000000009
5 0.4763225806451613 0.5818125000000001 0.02273118279569891 0.03153124999999992
0 0.5011182795698925 0.74696875 0.02273118279569891 0.034531250000000034
4 0.4639354838709677 0.8205312499999999 0.028924731182795673 0.04053125000000009