2 0.5064516129032258 0.156 0.02273118279569891 0.028125
3 0.6050967741935483 0.1555 0.02292473118279563 0.03456250000000001
7 0.3263440860215054 0.11821875 0.019247311827956966 0.02937500000000002
1 0.5227311827956989 0.3881875 0.02118279569892478 0.04056250000000006
5 0.6904301075268817 0.65571875 0.027763440860214986 0.03853124999999995
5 0.8135913978494623 0.6029375 0.023247311827956873 0.030406250000000058
5 0.8583225806451613 0.62490625 0.024408602150537684 0.033781250000000006
4 0.8403225806451613 0.5716875 0.023247311827956873 0.03546875000000007
5 0.6446666666666666 0.5345625 0.027741935483870918 0.04206249999999993
6 0.41939784946236564 0.5954375 0.026043010752688202 0.04606250000000003
0 0.5048602150537634 0.74678125 0.02490322580645158 0.03946874999999998