7 0.40344086021505376 0.15646875 0.024258064516128972 0.030843750000000014
1 0.5040430107526882 0.36512500000000003 0.021225806451612914 0.033781250000000006
0 0.42215053763440863 0.8353125 0.025268817204301075 0.02496875000000003
5 0.31294623655913983 0.81325 0.027290322580645156 0.03965625000000008
5 0.48434408602150536 0.8044375 0.026279569892473178 0.03965625000000008
5 0.5849462365591398 0.783875 0.025268817204301075 0.033781250000000006
5 0.5288172043010753 0.7875625 0.026279569892473178 0.04115625000000005
2 0.5052903225806452 0.1590625 0.019032258064516177 0.02996875000000001
3 0.605247311827957 0.15675 0.022215053763440948 0.02996875000000001
6 0.7512043010752688 0.15618749999999998 0.020623655913978564 0.03112499999999998
5 0.36608602150537634 0.676625 0.024580645161290337 0.03918750000000006
5 0.14436559139784946 0.59246875 0.02221505376344087 0.03459374999999998
5 0.3883010752688172 0.5895937499999999 0.02301075268817202 0.03803125000000005
5 0.449763440860215 0.595375 0.02537634408602153 0.03571875000000002
5 0.5049032258064516 0.5480937499999999 0.02301075268817202 0.03343749999999997
5 0.5310752688172042 0.5705625000000001 0.026172043010752724 0.03687500000000003