3 0.6071397849462365 0.15603125 0.02204301075268817 0.03678124999999999
2 0.5056344086021506 0.1566875 0.020860215053763415 0.025562500000000023
7 0.4039784946236559 0.15528124999999998 0.022150537634408628 0.032187499999999994
1 0.7079569892473118 0.05390625 0.020795698924731095 0.03125
5 0.15051612903225806 0.54128125 0.022086021505376367 0.03546875000000007
5 0.46316129032258063 0.62996875 0.024408602150537684 0.033781250000000006
5 0.46838709677419355 0.6096874999999999 0.02092473118279574 0.03715624999999996
5 0.49511827956989246 0.61728125 0.023247311827956994 0.03209374999999994
4 0.5061720430107527 0.581 0.024408602150537684 0.03715624999999996
0 0.5044301075268818 0.7498750000000001 0.02556989247311825 0.043906250000000036
6 0.3445806451612903 0.60509375 0.023763440860215077 0.04503125000000008