7 0.40344086021505376 0.15646875 0.024258064516128972 0.030843750000000014
2 0.5141720430107527 0.15059375 0.021225806451612914 0.030843750000000014
3 0.6567311827956989 0.102125 0.017182795698924752 0.030843750000000003
1 0.5040430107526882 0.36512500000000003 0.021225806451612914 0.033781250000000006
0 0.42215053763440863 0.8353125 0.025268817204301075 0.02496875000000003
4 0.5131612903225806 0.5700937500000001 0.023247311827956994 0.03818750000000008
5 0.3837204301075269 0.60240625 0.027290322580645156 0.03818750000000008
5 0.31294623655913983 0.81325 0.027290322580645156 0.03965625000000008
5 0.431247311827957 0.67 0.025268817204301075 0.04115625000000005
5 0.48434408602150536 0.8044375 0.026279569892473178 0.03965625000000008
5 0.4727096774193548 0.639875 0.021225806451612914 0.03671875
5 0.4803010752688172 0.6560625 0.024258064516128972 0.042624999999999955
5 0.49141935483870963 0.6310625 0.026279569892473178 0.03671875
5 0.5232688172043011 0.592125 0.021225806451612914 0.02937499999999993
5 0.48584946236559134 0.57596875 0.021225806451612914 0.03818750000000008
5 0.6435913978494623 0.5656875 0.023247311827956873 0.032312499999999925
5 0.5773548387096775 0.62225 0.022236559139785016 0.03671875
5 0.5849462365591398 0.783875 0.025268817204301075 0.033781250000000006
5 0.5288172043010753 0.7875625 0.026279569892473178 0.04115625000000005
5 0.7613978494623657 0.592875 0.028322580645161202 0.03965624999999999
5 0.8149677419354838 0.6200625 0.026279569892473178 0.04115625000000005
6 0.48576344086021506 0.09225 0.019741935483870984 0.03415625