7 0.4039139784946236 0.15525 0.021139784946236525 0.029625000000000012
2 0.5054623655913978 0.15525 0.020387096774193588 0.029625000000000012
3 0.6051182795698925 0.15578125 0.020387096774193588 0.028531249999999987
1 0.5043225806451612 0.3664375 0.021139784946236525 0.03950000000000005
6 0.7571397849462366 0.04790625 0.02346236559139778 0.03409375
5 0.3749462365591398 0.81765625 0.02793548387096776 0.040593750000000026
5 0.733741935483871 0.66575 0.024344086021505482 0.03309374999999992
5 0.614021505376344 0.60871875 0.02354838709677429 0.03309374999999992
5 0.546494623655914 0.6760312500000001 0.026688172043010685 0.03309374999999992
5 0.4758279569892473 0.6834374999999999 0.021978494623655972 0.031937500000000084
5 0.4962365591397849 0.67715625 0.026688172043010806 0.03993749999999992
5 0.5661075268817205 0.60528125 0.026688172043010685 0.03309374999999992
5 0.5174408602150538 0.6366562499999999 0.021978494623655972 0.031937500000000084
5 0.4946666666666667 0.63721875 0.018838709677419335 0.02624999999999993
5 0.4730752688172043 0.6378125 0.02434408602150536 0.034218749999999964
5 0.482494623655914 0.620125 0.02434408602150536 0.02624999999999993
5 0.5056559139784946 0.620125 0.021978494623655972 0.02168749999999999
5 0.4938709677419355 0.60871875 0.026688172043010806 0.02396875000000005
5 0.5166451612903226 0.60984375 0.026688172043010806 0.02624999999999993
5 0.5033118279569893 0.59671875 0.02354838709677417 0.027374999999999972
4 0.5033118279569893 0.5704687500000001 0.025118279569892488 0.025093749999999915