7 0.40458064516129033 0.156 0.02090322580645167 0.03271875
2 0.5062150537634408 0.15796875 0.02092473118279574 0.031937499999999994
3 0.6067956989247313 0.157625 0.021569892473118222 0.03328125000000002
6 0.5463870967741935 0.8214062500000001 0.030623655913978514 0.041750000000000044
5 0.4841935483870968 0.616625 0.023634408602150558 0.020500000000000008
5 0.5193763440860215 0.6067812499999999 0.024236559139784907 0.029062500000000036
5 0.5168387096774194 0.63709375 0.022107526881720373 0.03646875000000005
1 0.5053763440860215 0.36584374999999997 0.024129032258064575 0.038124999999999964
5 0.37447311827956986 0.8143437499999999 0.026881720430107527 0.043031249999999945
5 0.4727096774193548 0.6392187500000001 0.026666666666666616 0.03825000000000003
4 0.502731182795699 0.6499375 0.028602150537634433 0.03825000000000003
5 0.49473118279569894 0.6370312499999999 0.021139784946236525 0.03306249999999995
5 0.506 0.6144999999999999 0.020946236559139804 0.013406250000000064
5 0.49591397849462365 0.60090625 0.026580645161290353 0.01618750000000002
5 0.5034623655913979 0.5871562499999999 0.025634408602150573 0.015343750000000078