6 0.3816774193548387 0.5881875 0.02651612903225803 0.04006249999999998
7 0.40376344086021504 0.1536875 0.02109677419354839 0.032343749999999984
2 0.5381290322580645 0.09796875000000001 0.019247311827956966 0.030937500000000007
3 0.6037849462365591 0.15559375 0.020688172043010763 0.03199999999999999
5 0.5981720430107527 0.5584687500000001 0.024516129032258017 0.03599999999999994
1 0.5041075268817204 0.36428125 0.022645161290322523 0.034781249999999986
5 0.566236559139785 0.25390625 0.02567741935483883 0.03459374999999998
5 0.16152688172043012 0.60346875 0.025075268817204295 0.041874999999999926
5 0.4361720430107527 0.66553125 0.022967741935483885 0.03368749999999991
5 0.4260645161290323 0.5860937500000001 0.02354838709677417 0.034781249999999986
4 0.5096559139784946 0.5674375 0.02490322580645158 0.02243750000000002
5 0.4918494623655914 0.6003437500000001 0.022817204301075297 0.026468750000000086
5 0.5124086021505376 0.58540625 0.027440860215053743 0.028031250000000084
5 0.6578494623655914 0.5566875 0.022645161290322523 0.03674999999999997