4 0.5085806451612903 0.57128125 0.02225806451612908 0.025343750000000043
3 0.603720430107527 0.15509375 0.02118279569892478 0.03315625
7 0.40288172043010756 0.1545 0.02036559139784952 0.029593749999999995
2 0.5377204301075269 0.09718750000000001 0.0177849462365591 0.028093749999999994
5 0.5663225806451613 0.25559375 0.020881720430107605 0.03259375000000002
1 0.5050967741935484 0.36459375 0.021290322580645112 0.029750000000000033
5 0.51 0.59196875 0.023247311827956994 0.02553125000000005
5 0.4908387096774194 0.602125 0.024666666666666726 0.03440624999999997
5 0.8554193548387097 0.657 0.02556989247311825 0.033781250000000006
5 0.6584301075268818 0.55675 0.02064516129032263 0.036812499999999915
5 0.4262580645161291 0.5861875000000001 0.024494623655913948 0.033218749999999984
5 0.15963440860215056 0.6021875 0.028580645161290306 0.036781249999999946
0 0.5046451612903226 0.74934375 0.027763440860215108 0.03915624999999991
6 0.2558064516129032 0.66984375 0.024451612903225815 0.03806250000000002
5 0.5976129032258064 0.560125 0.02531182795698921 0.036781249999999946