7 0.404752688172043 0.157375 0.020817204301075285 0.03171875000000002
2 0.5055483870967742 0.1559375 0.02021505376344081 0.03171875000000002
1 0.5078279569892473 0.36690625 0.023440860215053715 0.03309375000000001
5 0.3892258064516129 0.58740625 0.026408602150537575 0.04243749999999995
5 0.5061075268817204 0.55015625 0.022172043010752693 0.03703125000000007
5 0.3725806451612903 0.6753125 0.02565591397849464 0.03787500000000001
5 0.227247311827957 0.60246875 0.02694623655913979 0.038843750000000024
5 0.5205806451612903 0.68915625 0.024322580645161296 0.037968749999999926
5 0.44965591397849464 0.59646875 0.024322580645161296 0.03403124999999996
5 0.5327741935483871 0.5708125 0.022817204301075297 0.03856249999999992
4 0.5048817204301076 0.58521875 0.024301075268817227 0.03990624999999994
6 0.6761075268817204 0.5545625000000001 0.025268817204301075 0.03846875000000001
3 0.6052903225806451 0.15690625 0.01838709677419345 0.026187499999999985
0 0.5049247311827957 0.7501249999999999 0.02286021505376343 0.042593749999999986