7 0.4039139784946236 0.15525 0.021139784946236525 0.029625000000000012
2 0.5054623655913978 0.15525 0.020387096774193588 0.029625000000000012
3 0.6051182795698925 0.15578125 0.020387096774193588 0.028531249999999987
1 0.5043225806451612 0.3664375 0.021139784946236525 0.03950000000000005
4 0.505247311827957 0.57128125 0.02273118279569891 0.028531249999999987
0 0.5045161290322581 0.75184375 0.02686021505376346 0.03590625000000003
4 0.5469677419354838 0.42628125 0.023634408602150558 0.03434375000000003
6 0.7162150537634409 0.18659375 0.020408602150537653 0.03903124999999998
5 0.85 0.49421875000000004 0.02578494623655916 0.03903125000000003
5 0.6436774193548387 0.6565937500000001 0.023634408602150558 0.04528125000000003
5 0.540516129032258 0.72140625 0.02578494623655916 0.03746875000000003
5 0.5749032258064516 0.65425 0.02578494623655916 0.03746875000000003
5 0.5942365591397849 0.60740625 0.02793548387096776 0.03434375000000003
5 0.4760430107526882 0.6605000000000001 0.023634408602150558 0.03746875000000003