7 0.32703225806451613 0.11809375 0.020817204301075285 0.03171875000000002
2 0.5055483870967742 0.1559375 0.02021505376344081 0.03171875000000002
1 0.5225161290322581 0.38690625 0.023440860215053715 0.033093749999999963
3 0.6064731182795698 0.15871875 0.023634408602150558 0.032750000000000015
5 0.583505376344086 0.61409375 0.025655913978494517 0.03787500000000001
5 0.5051612903225806 0.6836562500000001 0.020795698924731217 0.03540624999999995
5 0.5318494623655914 0.66325 0.024322580645161296 0.037968749999999926
5 0.6425806451612903 0.5324375 0.020688172043010763 0.03574999999999999
5 0.48795698924731185 0.6255 0.022215053763440826 0.02531250000000007
5 0.4938279569892473 0.602375 0.02578494623655916 0.02578125
5 0.8156774193548387 0.6066874999999999 0.026193548387096668 0.03718749999999993
5 0.46339784946236556 0.49240625 0.024322580645161296 0.03403124999999996
4 0.8418494623655913 0.5700624999999999 0.024301075268817106 0.03990624999999994
5 0.5104731182795699 0.64853125 0.02529032258064514 0.026843749999999923
5 0.8600645161290322 0.626125 0.023655913978494623 0.03456250000000001
6 0.4511182795698925 0.79984375 0.025268817204301075 0.03846874999999992