3 0.6066236559139785 0.15721875000000002 0.022645161290322523 0.032906250000000005
2 0.507010752688172 0.15609375 0.020322580645161265 0.030656250000000006
7 0.4038924731182796 0.15553125 0.023440860215053715 0.031781250000000004
0 0.479741935483871 0.72165625 0.025118279569892488 0.035374999999999976
4 0.5060430107526882 0.58075 0.02434408602150536 0.03878125000000008
5 0.5158709677419355 0.75303125 0.025118279569892488 0.03878125000000008
5 0.4106451612903226 0.65378125 0.025118279569892488 0.04106249999999996
5 0.5068387096774194 0.638375 0.02434408602150536 0.03765625000000004
5 0.4966236559139785 0.6115625 0.02434408602150536 0.034218749999999964
5 0.468752688172043 0.60871875 0.021978494623655972 0.035374999999999976
5 0.4628602150537634 0.630375 0.022774193548387042 0.03309374999999992
5 0.17509677419354838 0.6440625 0.025118279569892488 0.03765625000000004
5 0.15389247311827958 0.5368125 0.026688172043010744 0.03765625000000004
6 0.6987526881720431 0.2031875 0.021978494623655972 0.028249999999999977
1 0.7131182795698925 0.05525 0.02027956989247301 0.027000000000000003
5 0.5551182795698925 0.5156562499999999 0.021978494623655972 0.034375