2 0.5055913978494624 0.15284375 0.01860215053763436 0.03209374999999999
1 0.5038494623655914 0.36565625 0.024408602150537684 0.03209375000000003
6 0.24827956989247313 0.16075 0.018860215053763462 0.036531249999999994
3 0.6051827956989247 0.15687500000000001 0.021978494623655972 0.03331249999999999
7 0.19010752688172045 0.3914687499999999 0.024838709677419378 0.036093750000000036
5 0.1447311827956989 0.5920625 0.027698924731182784 0.043031249999999945
5 0.36634408602150537 0.678125 0.02578494623655916 0.04024999999999999
5 0.3897634408602151 0.58859375 0.026752688172043005 0.036093750000000036
5 0.44898924731182793 0.59553125 0.026752688172043005 0.030531249999999944
5 0.5039139784946236 0.547625 0.021978494623655972 0.031937500000000084
5 0.5311397849462365 0.57190625 0.02292473118279575 0.03331250000000008
4 0.5043870967741936 0.58440625 0.02292473118279575 0.03331250000000008
0 0.5048817204301076 0.7495937500000001 0.0238924731182796 0.03887499999999999