2 0.5055913978494624 0.15284375 0.01860215053763436 0.03209374999999999
1 0.5044301075268818 0.36565625 0.02092473118279574 0.038843750000000024
3 0.6044516129032258 0.15765625 0.01653763440860227 0.027031250000000017
6 0.2495268817204301 0.16215625 0.021698924731182803 0.03603125
7 0.16686021505376344 0.41590625000000003 0.023763440860215077 0.030031250000000044
5 0.14516129032258066 0.5938125000000001 0.02995698924731184 0.037531249999999974
5 0.5305806451612903 0.5735625 0.023763440860215077 0.03903125000000003
5 0.505247311827957 0.55028125 0.02273118279569891 0.03153124999999992
5 0.44946236559139785 0.5975625 0.02273118279569891 0.03603124999999992
5 0.388494623655914 0.5893125 0.02686021505376346 0.03153124999999992
5 0.36576344086021506 0.67940625 0.024795698924731123 0.037531249999999974
0 0.5036989247311828 0.74921875 0.02582795698924729 0.03603124999999992
4 0.5042150537634409 0.5833125 0.02273118279569891 0.034531250000000034