3 0.6050967741935483 0.1555 0.02292473118279563 0.03456250000000001
7 0.4047311827956989 0.15646875 0.0191612903225807 0.03181249999999998
1 0.5055698924731182 0.36465625 0.021892473118279583 0.026531250000000027
6 0.11963440860215055 0.75328125 0.032688172043010756 0.03990624999999994
5 0.14576344086021506 0.58703125 0.027462365591397857 0.030406250000000058
5 0.38995698924731187 0.58975 0.024838709677419378 0.030312499999999964
5 0.36511827956989246 0.6778125 0.024838709677419378 0.041874999999999926
5 0.45105376344086023 0.5962500000000001 0.023849462365591344 0.040437499999999994
5 0.5296129032258065 0.5707187499999999 0.021419354838709635 0.03228124999999995
5 0.5042365591397849 0.5488125 0.02301075268817202 0.03228124999999995
4 0.5050322580645161 0.58396875 0.02301075268817202 0.03806250000000002
0 0.5050322580645161 0.74884375 0.024602150537634402 0.03574999999999999
2 0.5060430107526882 0.15390625 0.019505376344086008 0.021906250000000016