7 0.4038709677419355 0.1570625 0.020172043010752677 0.03196875000000001
2 0.5057634408602151 0.15471875 0.018860215053763403 0.032906250000000005
3 0.6042795698924731 0.1589375 0.020451612903225787 0.030093749999999985
1 0.5043225806451612 0.36471875 0.021763440860215064 0.03674999999999997
5 0.30470967741935484 0.41790625 0.02116129032258059 0.033500000000000085
4 0.5468817204301075 0.422375 0.021741935483870996 0.03396875000000001
5 0.5602150537634408 0.50840625 0.025548387096774185 0.041031249999999984
5 0.17524731182795697 0.6426875 0.023462365591397843 0.04156250000000004
5 0.49189247311827955 0.5749375 0.022086021505376304 0.03825000000000003
0 0.33556989247311825 0.79609375 0.026086021505376335 0.04253125000000004
5 0.3375698924731183 0.73128125 0.02522580645161294 0.03774999999999995
5 0.5006236559139785 0.74084375 0.02367741935483869 0.041750000000000044
5 0.4756344086021505 0.66140625 0.022473118279569868 0.038718749999999955
5 0.575483870967742 0.6550312500000001 0.02795698924731183 0.04246874999999992
5 0.594516129032258 0.60784375 0.02778494623655905 0.04268750000000008
5 0.46746236559139787 0.60909375 0.021612903225806477 0.03618749999999995
5 0.48182795698924735 0.62234375 0.020408602150537653 0.0296875
5 0.5029247311827957 0.61559375 0.020236559139785 0.031187500000000055
5 0.4963870967741935 0.6371249999999999 0.01954838709677414 0.029187499999999922
5 0.5075698924731183 0.6526562499999999 0.021268817204301047 0.036218749999999925
6 0.8759784946236558 0.6453125 0.030817204301075356 0.049406250000000006