7 0.40344086021505376 0.15646875 0.024258064516128972 0.030843750000000014
1 0.5040430107526882 0.36512500000000003 0.021225806451612914 0.033781250000000006
3 0.604236559139785 0.15671875 0.016129032258064516 0.02468750000000002
2 0.5044516129032258 0.156125 0.01698924731182791 0.0234375
4 0.504021505376344 0.58434375 0.021225806451612914 0.040718749999999915
0 0.5044516129032258 0.7496875000000001 0.027182795698924702 0.035781249999999966
5 0.3664516129032258 0.6775 0.02462365591397847 0.03949999999999996
5 0.3885376344086021 0.58865625 0.02292473118279575 0.03456250000000001
5 0.4496774193548387 0.5954375 0.02292473118279575 0.035781249999999966
5 0.5057204301075269 0.5479375 0.02292473118279575 0.029625000000000058
5 0.5320645161290323 0.57321875 0.02462365591397847 0.040718749999999915
5 0.14565591397849464 0.59296875 0.026322580645161294 0.030843750000000014
6 0.6540215053763441 0.0551875 0.022086021505376304 0.0308125