5 0.8564301075268818 0.6565937500000001 0.021483870967741955 0.032781250000000026
5 0.7570322580645161 0.7909062499999999 0.02470967741935486 0.03590625000000003
5 0.5539354838709677 0.650375 0.022559139784946256 0.032781250000000026
5 0.49430107526881717 0.64334375 0.021483870967741955 0.031218750000000028
5 0.5190107526881721 0.63709375 0.023634408602150558 0.03434375000000003
5 0.4792688172043011 0.62225 0.021483870967741955 0.032781250000000026
5 0.5061290322580645 0.6144375 0.021483870967741955 0.0171875
5 0.5270752688172043 0.6081875 0.020408602150537653 0.032781250000000026
5 0.4728172043010753 0.59728125 0.023634408602150558 0.0203125
0 0.6996774193548387 0.8246874999999999 0.026000000000000068 0.0377812500000001
1 0.5056344086021506 0.366625 0.022881720430107496 0.034781249999999986
5 0.5670107526881721 0.254 0.018731182795699002 0.03324999999999996
3 0.6049892473118279 0.15496875000000002 0.021849462365591328 0.028718749999999994
7 0.40316129032258063 0.15646875 0.01976344086021505 0.028718749999999994
2 0.5399569892473118 0.096 0.01873118279569888 0.022687500000000017
5 0.5072688172043011 0.59028125 0.017634408602150514 0.02365624999999998
5 0.48591397849462364 0.584875 0.02103225806451607 0.02659374999999997
4 0.5086236559139785 0.5725625 0.023053763440860273 0.015781250000000035
6 0.29716129032258065 0.69871875 0.029591397849462346 0.04540624999999991