7 0.4039139784946236 0.15525 0.021139784946236525 0.029625000000000012
2 0.5054623655913978 0.15525 0.020387096774193588 0.029625000000000012
3 0.6051182795698925 0.15578125 0.020387096774193588 0.028531249999999987
5 0.4096774193548387 0.65015625 0.022967741935483885 0.03815624999999993
5 0.4649032258064516 0.631875 0.024064516129032255 0.03337500000000002
5 0.4681935483870968 0.60721875 0.024064516129032255 0.03178125000000005
5 0.49881720430107523 0.61278125 0.021870967741935518 0.03337500000000002
5 0.1524516129032258 0.5396875 0.023827956989247338 0.03981250000000003
5 0.17643010752688174 0.6423125 0.02417204301075271 0.039000000000000055
1 0.7187956989247312 0.04871875 0.018881720430107468 0.033656250000000006
5 0.5050967741935484 0.6370312499999999 0.021075268817204326 0.03206249999999997
5 0.37425806451612903 0.69075 0.023247311827956994 0.04053125000000009
5 0.3021935483870968 0.7152499999999999 0.02789247311827963 0.04559374999999992
5 0.5201075268817205 0.7760625 0.024408602150537684 0.03546875000000007
0 0.506752688172043 0.7481875 0.02789247311827963 0.04053125000000009
6 0.5137204301075269 0.48978124999999995 0.02789247311827963 0.033781250000000006