7 0.40458064516129033 0.156 0.02090322580645167 0.03271875
2 0.5062150537634408 0.15796875 0.02092473118279574 0.031937499999999994
3 0.6067956989247313 0.157625 0.021569892473118222 0.03328125000000002
6 0.5318064516129032 0.61525 0.023870967741935534 0.038718749999999955
5 0.44292473118279574 0.63621875 0.025182795698924686 0.03656249999999996
5 0.4942795698924731 0.6368125 0.023913978494623667 0.03096875000000008
5 0.49294623655913977 0.61575 0.026236559139784923 0.03546875000000007
5 0.4449462365591398 0.6091875 0.022709677419354844 0.03196875000000006
4 0.48593548387096774 0.669125 0.028602150537634433 0.03825000000000003
5 0.5173763440860215 0.638875 0.024193548387096774 0.038124999999999964
1 0.5069247311827957 0.36503125000000003 0.024129032258064575 0.038124999999999964
5 0.4846451612903226 0.5925 0.02109677419354839 0.032312499999999925
5 0.5101075268817205 0.5779062500000001 0.02326881720430106 0.03359375
5 0.5255268817204302 0.59675 0.021075268817204326 0.02787500000000005