3 0.6050967741935483 0.1555 0.02292473118279563 0.03456250000000001
7 0.4047311827956989 0.15646875 0.0191612903225807 0.03181249999999998
1 0.5055698924731182 0.36465625 0.021892473118279583 0.026531250000000027
0 0.503268817204301 0.7485625 0.024645161290322536 0.03846875000000001
4 0.5068817204301075 0.5853125 0.022473118279569868 0.03428125000000008
2 0.505978494623656 0.15646875 0.017182795698924752 0.027906249999999976
6 0.8285806451612904 0.50696875 0.025892473118279493 0.03762500000000006
5 0.5318279569892473 0.5728125000000001 0.023849462365591344 0.03068749999999998
5 0.5045806451612903 0.5485625 0.026580645161290353 0.03365624999999994
5 0.44870967741935486 0.59459375 0.023849462365591344 0.03068749999999998
5 0.3887311827956989 0.58865625 0.026580645161290353 0.03465624999999992
5 0.36522580645161296 0.67825 0.025892473118279614 0.03565625000000008
5 0.21937634408602152 0.766 0.025548387096774185 0.037124999999999984
5 0.14376344086021503 0.5934375000000001 0.021290322580645175 0.03559374999999996