2 0.5055913978494624 0.15284375 0.01860215053763436 0.03209374999999999
4 0.5160430107526882 0.58015625 0.02556989247311825 0.038843750000000024
5 0.4927956989247312 0.63334375 0.02092473118279574 0.03715624999999996
5 0.4712903225806452 0.6409374999999999 0.022086021505376304 0.038843750000000024
5 0.48118279569892475 0.657 0.023247311827956994 0.030406250000000058
5 0.5840430107526882 0.7861875 0.02673118279569882 0.038843750000000024
5 0.6617204301075269 0.80796875 0.02752688172043001 0.04181249999999999
5 0.7843225806451612 0.8352499999999999 0.02752688172043001 0.027281250000000055
3 0.6761505376344087 0.04871875 0.021376344086021622 0.029656250000000006
7 0.39544086021505376 0.14750000000000002 0.01929032258064522 0.025375000000000016
5 0.7626236559139785 0.697125 0.026473118279569774 0.03846875000000001
1 0.4747741935483871 0.49759374999999995 0.0264731182795699 0.03365624999999994
5 0.6078064516129033 0.7991875 0.0238924731182796 0.045656250000000044
5 0.7669462365591397 0.5568125 0.022967741935483763 0.03865625000000002
5 0.7047096774193549 0.70521875 0.029010752688172062 0.04040625000000002
5 0.6353333333333333 0.561875 0.025698924731182893 0.04221874999999997
5 0.4544516129032258 0.7034374999999999 0.030215053763440886 0.03546875000000007
6 0.23593548387096772 0.56746875 0.027892473118279568 0.04053125000000009
5 0.44513978494623657 0.7828125 0.02789247311827963 0.038843749999999934