7 0.40447311827956994 0.15621875000000002 0.023247311827956994 0.028718749999999994
2 0.5055913978494624 0.15284375 0.01860215053763436 0.03209374999999999
3 0.6543440860215053 0.10471875 0.023247311827956873 0.033781250000000006
4 0.5160430107526882 0.58015625 0.02556989247311825 0.038843750000000024
5 0.5741505376344086 0.62153125 0.02789247311827963 0.04053125000000009
5 0.6438924731182796 0.56578125 0.02556989247311825 0.04053125000000009
5 0.4927956989247312 0.63334375 0.02092473118279574 0.03715624999999996
5 0.4712903225806452 0.6409374999999999 0.022086021505376304 0.038843750000000024
5 0.48118279569892475 0.657 0.023247311827956994 0.030406250000000058
5 0.3120645161290323 0.8149062499999999 0.02673118279569894 0.04221874999999997
5 0.5840430107526882 0.7861875 0.02673118279569882 0.038843750000000024
0 0.42363440860215057 0.8368437500000001 0.029053763440860195 0.03209374999999994
1 0.5038494623655914 0.36565625 0.024408602150537684 0.03209375000000003
5 0.6606021505376344 0.8055937500000001 0.026408602150537575 0.036531250000000084
5 0.7844301075268817 0.8357187500000001 0.025139784946236678 0.03106250000000017
5 0.6628172043010753 0.657625 0.021698924731182866 0.042031249999999964
5 0.18701075268817202 0.54578125 0.02273118279569891 0.037531249999999974
5 0.47019354838709676 0.267875 0.02417204301075271 0.03687500000000003
6 0.39913978494623653 0.678625 0.0238924731182796 0.045656250000000044
5 0.25393548387096776 0.47221875 0.025139784946236553 0.041999999999999996