7 0.4038709677419355 0.1555 0.020172043010752677 0.030906250000000003
6 0.6067956989247313 0.6015937499999999 0.02815053763440867 0.03996875000000007
2 0.5396774193548387 0.10112499999999999 0.020150537634408612 0.030874999999999986
3 0.6050752688172043 0.15859375 0.0238924731182796 0.03296874999999999
1 0.5056559139784946 0.36546875 0.022967741935483885 0.035781249999999966
0 0.8876989247311827 0.8123437499999999 0.02692473118279566 0.03962499999999984
5 0.5529462365591398 0.6531875 0.022967741935483763 0.03371875000000006
5 0.49440860215053767 0.6367812500000001 0.020387096774193588 0.03303124999999998
5 0.5169892473118279 0.6384375 0.024752688172042993 0.037687500000000006
5 0.5677204301075269 0.25734375 0.026193548387096668 0.03456250000000001
5 0.5059569892473118 0.61465625 0.020860215053763415 0.022749999999999916
5 0.5244946236559139 0.6080625000000001 0.021075268817204326 0.02993749999999995
5 0.4746451612903226 0.605 0.020344086021505333 0.02949999999999999
5 0.4824731182795699 0.625375 0.022279569892473147 0.027187499999999965
5 0.5063870967741936 0.59246875 0.018494623655914026 0.025500000000000078
4 0.508 0.57278125 0.02204301075268817 0.016906250000000077
5 0.8555268817204301 0.660875 0.022430107526881612 0.03306249999999995
5 0.48716129032258065 0.59365625 0.022451612903225802 0.03156250000000007