7 0.4039139784946236 0.15525 0.021139784946236525 0.029625000000000012
2 0.5054623655913978 0.15525 0.020387096774193588 0.029625000000000012
3 0.6051182795698925 0.15578125 0.020387096774193588 0.028531249999999987
4 0.5469677419354838 0.42628125 0.023634408602150495 0.03434375000000003
5 0.3046451612903226 0.42003124999999997 0.022559139784946256 0.02809375000000003
5 0.4096774193548387 0.65015625 0.022967741935483885 0.03815624999999993
5 0.4649032258064516 0.631875 0.024064516129032255 0.03337500000000002
5 0.4681935483870968 0.60721875 0.024064516129032255 0.03178125000000005
5 0.49881720430107523 0.61278125 0.021870967741935518 0.03337500000000002
5 0.1524516129032258 0.5396875 0.023827956989247338 0.03981250000000003
5 0.17643010752688174 0.6423125 0.02417204301075271 0.039000000000000055
1 0.7187956989247312 0.04871875 0.018881720430107468 0.033656250000000006
6 0.7263010752688173 0.6319375 0.026086021505376335 0.03934374999999992
5 0.5050967741935484 0.6370312499999999 0.021075268817204326 0.03206249999999997
5 0.35161290322580646 0.71721875 0.025075268817204354 0.03790624999999999
5 0.3380645161290322 0.73325 0.026086021505376335 0.04081250000000001
5 0.35412903225806447 0.8141562499999999 0.02408602150537632 0.045187500000000026
0 0.3365591397849462 0.79228125 0.025075268817204354 0.03934374999999992