3 0.603720430107527 0.15509375 0.02118279569892478 0.03315625
7 0.40440860215053764 0.1565625 0.01989247311827957 0.030500000000000017
1 0.504731182795699 0.36343749999999997 0.022387096774193604 0.032125
2 0.5055913978494624 0.15621875000000002 0.02092473118279574 0.03546874999999998
5 0.48318279569892475 0.61615625 0.022516129032258123 0.012656250000000036
5 0.5071397849462366 0.6166875 0.025419354838709662 0.009500000000000064
5 0.5296559139784947 0.6245937500000001 0.01961290322580646 0.03375000000000004
5 0.47156989247311826 0.63725 0.022516129032258123 0.027437499999999913
5 0.477741935483871 0.6604687499999999 0.02178494623655913 0.03375000000000004
5 0.4944301075268817 0.63725 0.020322580645161265 0.029531249999999964
5 0.5067741935483872 0.65253125 0.020322580645161265 0.030593750000000065
5 0.5169462365591397 0.6388125 0.018881720430107468 0.030593750000000065
5 0.542 0.6335625 0.021053763440860258 0.030593750000000065
0 0.5038709677419355 0.7485625 0.02178494623655913 0.034812499999999955
4 0.5077849462365591 0.57675 0.02707526881720425 0.02009375000000002
5 0.5312258064516129 0.651625 0.0199354838709677 0.03565625000000008
5 0.36731182795698925 0.42403124999999997 0.02292473118279575 0.03306249999999995
5 0.5261075268817204 0.67996875 0.021225806451612914 0.03456250000000001
6 0.667505376344086 0.03578125 0.020387096774193588 0.02962499999999999