7 0.40458064516129033 0.156 0.02090322580645167 0.03271875
2 0.5062150537634408 0.15796875 0.02092473118279574 0.031937499999999994
3 0.6067956989247313 0.157625 0.021569892473118222 0.03328125000000002
6 0.5471397849462365 0.8223125 0.028924731182795673 0.0471562500000001
5 0.4950322580645161 0.63853125 0.02286021505376343 0.035781249999999966
5 0.47202150537634413 0.63834375 0.025182795698924686 0.03656249999999996
5 0.5188817204301075 0.6390625 0.022795698924731232 0.03565625000000008
5 0.5194193548387097 0.607875 0.020172043010752677 0.03178125000000005
1 0.5065591397849463 0.36665625 0.024129032258064575 0.038124999999999964
5 0.37374193548387097 0.8144375 0.026172043010752724 0.038062499999999846
4 0.5038494623655914 0.6505 0.02739784946236561 0.03650000000000002
5 0.48374193548387096 0.6136250000000001 0.027763440860215108 0.017531250000000043
5 0.506731182795699 0.6149375 0.024559139784946272 0.018406249999999957
5 0.49449462365591396 0.59990625 0.02705376344086018 0.017093750000000085
5 0.5037849462365591 0.5871875 0.024043010752688186 0.015187500000000043