7 0.32703225806451613 0.11809375 0.020817204301075285 0.03171875000000002
6 0.2326021505376344 0.75175 0.02468817204301073 0.04053125000000009
2 0.5055483870967742 0.1559375 0.02021505376344081 0.03171875000000002
3 0.6068602150537634 0.15584375 0.020623655913978564 0.030218750000000006
1 0.5062795698924731 0.36709375 0.023440860215053715 0.03309375000000001
5 0.5200645161290323 0.52878125 0.02705376344086018 0.04140625
5 0.38210752688172045 0.570875 0.026408602150537575 0.04243749999999995
5 0.4346666666666667 0.6783750000000001 0.025956989247311813 0.038406250000000065
5 0.4663225806451613 0.6770937499999999 0.02565591397849464 0.04353125000000002
5 0.5014193548387097 0.66278125 0.020795698924731217 0.03540624999999995
5 0.5243655913978494 0.6602187500000001 0.024322580645161296 0.037968749999999926
5 0.48840860215053766 0.62603125 0.022430107526881734 0.019656250000000063
5 0.4710967741935484 0.61953125 0.022494623655913936 0.03256250000000005
5 0.4896989247311828 0.645625 0.020967741935483872 0.024781250000000022
5 0.5694623655913978 0.603 0.021956989247311907 0.03725000000000005
5 0.6220860215053763 0.6073125 0.02320430107526874 0.03725000000000005
5 0.4810537634408602 0.59878125 0.02443010752688175 0.029124999999999977
5 0.5570752688172044 0.6252187499999999 0.022989247311828075 0.03731249999999999
5 0.6446236559139785 0.53153125 0.022817204301075297 0.03856249999999992
0 0.5043655913978494 0.75134375 0.024924731182795645 0.04571874999999999
4 0.8418494623655913 0.5700624999999999 0.024301075268817106 0.03990624999999994
5 0.5205591397849463 0.63628125 0.021333333333333367 0.020500000000000008