7 0.4039139784946236 0.15503125 0.01821505376344092 0.034250000000000023
2 0.5064731182795699 0.157 0.02004301075268816 0.029875000000000006
3 0.6065376344086022 0.15537499999999999 0.018623655913978427 0.03003125
6 0.18191397849462365 0.5373125 0.024924731182795708 0.03643750000000008
1 0.5061505376344086 0.366625 0.023698924731182756 0.03528124999999997
0 0.5045591397849463 0.75103125 0.02516129032258062 0.0375
5 0.3809892473118279 0.5703437499999999 0.023161290322580606 0.037406250000000085
5 0.4667741935483871 0.67715625 0.021677419354838676 0.03640624999999993
5 0.5013548387096775 0.66140625 0.023849462365591344 0.03490625000000005
5 0.5235913978494624 0.6587500000000001 0.02268817204301078 0.03659374999999994
5 0.43529032258064515 0.6790625 0.024193548387096774 0.04118750000000002
5 0.660516129032258 0.7205 0.026473118279569774 0.04409375000000004
5 0.4885806451612903 0.64296875 0.022774193548387042 0.02993749999999995
5 0.5183440860215054 0.63434375 0.02679569892473114 0.02059374999999992
5 0.5835268817204301 0.6061875 0.0238924731182796 0.03571875000000002
5 0.4832258064516129 0.6172500000000001 0.02787096774193544 0.020250000000000056
5 0.5053333333333333 0.61884375 0.021935483870967717 0.018687500000000058
5 0.6190537634408603 0.5371875 0.024752688172042993 0.03271875000000009
5 0.4955913978494623 0.60221875 0.026129032258064466 0.013312499999999972
5 0.516258064516129 0.60590625 0.024043010752688186 0.020687500000000015
5 0.49978494623655917 0.58859375 0.025677419354838703 0.017093750000000085
4 0.7316344086021505 0.5741562499999999 0.0261720430107526 0.03953124999999993