3 0.603720430107527 0.15509375 0.02118279569892478 0.03315625
7 0.40288172043010756 0.1545 0.02036559139784952 0.029593749999999995
2 0.5377204301075269 0.09718750000000001 0.0177849462365591 0.028093749999999994
5 0.5663225806451613 0.25559375 0.020881720430107605 0.03259375000000002
1 0.5050967741935484 0.36459375 0.021290322580645112 0.029750000000000033
5 0.8554193548387097 0.657 0.02556989247311825 0.033781250000000006
5 0.6506021505376344 0.55675 0.022881720430107496 0.036812499999999915
5 0.4264731182795699 0.5865 0.024924731182795645 0.03384374999999995
5 0.5976129032258064 0.560125 0.02531182795698921 0.036781249999999946
4 0.5101720430107527 0.5675625 0.025698924731182772 0.02759374999999995
5 0.5090537634408603 0.591125 0.023462365591397902 0.025968750000000006
5 0.4922795698924731 0.6033125 0.023462365591397902 0.034093750000000075
5 0.4375268817204301 0.6658125 0.02793548387096776 0.03896875000000009
6 0.3950537634408602 0.59275 0.023462365591397902 0.03896875000000009
5 0.21458064516129033 0.60653125 0.024580645161290337 0.04384374999999992