2 0.5064516129032258 0.156 0.02273118279569891 0.028125
3 0.6050967741935483 0.1555 0.02292473118279563 0.03456250000000001
0 0.5038279569892473 0.74746875 0.02111827956989246 0.03471875000000004
7 0.40455913978494623 0.15715625 0.02178494623655913 0.033906249999999985
6 0.7072043010752689 0.15431250000000002 0.02023655913978488 0.032781249999999984
1 0.5068602150537634 0.36740625 0.021010752688172003 0.029406249999999988
4 0.503741935483871 0.5833437499999999 0.022559139784946256 0.03165624999999998
5 0.14393548387096775 0.5906875 0.02023655913978494 0.032781250000000026
5 0.3660430107526882 0.678875 0.025677419354838703 0.03956250000000008
5 0.3870537634408602 0.5873125 0.024107526881720385 0.03503124999999994
5 0.4477419354838709 0.59803125 0.022559139784946256 0.03390625000000007
5 0.5200860215053763 0.6935625 0.021010752688172003 0.032781250000000026
5 0.5045376344086022 0.5494375 0.024107526881720385 0.040687499999999946
5 0.5306021505376344 0.57146875 0.02178494623655913 0.032781250000000026