2 0.5064516129032258 0.156 0.02273118279569891 0.028125
7 0.32591397849462367 0.11615625 0.021204301075268845 0.03465625000000001
1 0.5233118279569893 0.38759375 0.01853763440860216 0.0359375
4 0.841268817204301 0.569125 0.025612903225806383 0.034468749999999916
5 0.6438709677419354 0.53134375 0.021204301075268845 0.0359375
5 0.4636989247311828 0.49284375 0.026494623655913964 0.03337500000000002
5 0.4937204301075269 0.6070625 0.021204301075268845 0.03337500000000002
5 0.4884301075268817 0.633375 0.021204301075268845 0.03721875000000008
5 0.5851397849462365 0.61540625 0.025612903225806383 0.042343750000000034
5 0.8119139784946237 0.6057187500000001 0.02346236559139778 0.03896875000000009
5 0.8599569892473118 0.6252187499999999 0.02793548387096776 0.03571875000000002
3 0.6050967741935483 0.1555 0.02292473118279563 0.03456250000000001
6 0.40795698924731183 0.5427500000000001 0.02537634408602153 0.04215625000000003
5 0.6913978494623656 0.65165625 0.029010752688172062 0.03512500000000003
5 0.5777849462365592 0.5251875 0.02417204301075271 0.02809375000000003