1 0.5055268817204301 0.36453125000000003 0.020387096774193588 0.029187500000000012
3 0.6052043010752689 0.1565625 0.023225806451612804 0.031937499999999994
2 0.5055483870967742 0.15484375 0.022559139784946256 0.03340624999999999
7 0.4039354838709678 0.15362499999999998 0.021333333333333367 0.032906250000000005
5 0.3949032258064516 0.59075 0.026043010752688202 0.03965624999999999
6 0.5092903225806451 0.6028125 0.024129032258064575 0.03706250000000004
5 0.4775913978494624 0.5778749999999999 0.024236559139784907 0.03631250000000001
5 0.45292473118279575 0.59975 0.024774193548387058 0.03568750000000005
5 0.4154193548387097 0.63184375 0.0250322580645161 0.03590625000000003
4 0.4698494623655914 0.68415625 0.027247311827957022 0.040281249999999956
5 0.49488172043010753 0.637625 0.021956989247311785 0.036687500000000026
5 0.5183225806451613 0.637875 0.021268817204301047 0.03718749999999993
5 0.5053118279569893 0.55059375 0.023161290322580606 0.03540624999999995
5 0.5310537634408602 0.571375 0.02402150537634412 0.03790624999999999