2 0.5048387096774194 0.15625 0.0199354838709677 0.030156250000000016
0 0.504021505376344 0.7480625 0.026580645161290353 0.033781250000000006
3 0.6052903225806451 0.1575625 0.021677419354838797 0.028249999999999977
7 0.40359139784946235 0.15546875 0.02212903225806456 0.03003125
1 0.5061505376344086 0.36721875000000004 0.02212903225806456 0.03325000000000004
6 0.6269462365591397 0.67734375 0.030150537634408562 0.040156250000000074
5 0.5311397849462365 0.569625 0.024494623655913948 0.03103125000000002
5 0.504752688172043 0.54815625 0.024494623655913948 0.033781250000000006
5 0.28959139784946236 0.61253125 0.02638709677419351 0.040156250000000074
5 0.3898064516129032 0.6618125 0.023247311827956994 0.040156250000000074
5 0.3891612903225807 0.5897187500000001 0.025763440860215092 0.03834374999999994
5 0.4491612903225807 0.59428125 0.025118279569892488 0.040156250000000074
5 0.520774193548387 0.6796249999999999 0.027634408602150586 0.04109374999999993
4 0.5056989247311828 0.58515625 0.025118279569892488 0.03650000000000002