3 0.6071397849462365 0.15603125 0.02204301075268817 0.03678124999999999
2 0.5056344086021506 0.1566875 0.020860215053763415 0.025562500000000023
7 0.4039784946236559 0.15528124999999998 0.022150537634408628 0.032187499999999994
1 0.5061290322580645 0.36840625 0.02021505376344081 0.040031250000000004
6 0.3498064516129032 0.73878125 0.027483870967741877 0.04221874999999997
0 0.5048817204301076 0.74903125 0.028258064516129004 0.03765625000000004
4 0.5036989247311828 0.6509375000000001 0.02434408602150536 0.035374999999999976
5 0.47161290322580646 0.6370625000000001 0.023569892473118234 0.03515625
5 0.49488172043010753 0.63615625 0.024193548387096774 0.03156250000000007
5 0.5181505376344085 0.63753125 0.023569892473118234 0.03424999999999993
5 0.518774193548387 0.60865625 0.027311827956989224 0.032468749999999956
5 0.5038709677419355 0.5897187500000001 0.027311827956989224 0.0234375
5 0.4964301075268817 0.60640625 0.024817204301075313 0.020749999999999956
5 0.4833978494623656 0.6176875 0.024817204301075313 0.01984375000000007