7 0.4047311827956989 0.15646875 0.0191612903225807 0.03181249999999998
1 0.5055698924731182 0.36465625 0.021892473118279583 0.026531250000000027
2 0.5151397849462366 0.15425 0.020129032258064547 0.03456250000000001
5 0.3120215053763441 0.81440625 0.027440860215053743 0.03856250000000001
5 0.40352688172043005 0.5584374999999999 0.020129032258064547 0.03721875000000008
5 0.48359139784946237 0.57240625 0.021053763440860258 0.030593750000000065
5 0.47167741935483876 0.63821875 0.021053763440860258 0.029250000000000043
5 0.49318279569892476 0.6342187499999999 0.025612903225806505 0.03987499999999997
5 0.48038709677419356 0.6548437500000001 0.021956989247311785 0.03324999999999996
5 0.5220215053763441 0.58834375 0.021053763440860258 0.030593750000000065
5 0.5366451612903226 0.61096875 0.019225806451612898 0.03324999999999996
5 0.5764516129032259 0.6229375 0.023784946236559024 0.027937499999999994
5 0.5856129032258065 0.78446875 0.023784946236559024 0.03456250000000001
5 0.5288817204301075 0.7838125 0.023784946236559145 0.043874999999999977
0 0.42638709677419356 0.835 0.027440860215053743 0.029250000000000043
4 0.5133118279569893 0.56840625 0.021956989247311785 0.030593750000000065
5 0.48569892473118276 0.80603125 0.026430107526881765 0.038406249999999975
3 0.6562795698924732 0.10262500000000001 0.015462365591397968 0.022468749999999992
5 0.43739784946236554 0.6705 0.025053763440860168 0.03640624999999993
5 0.6377634408602151 0.57221875 0.02339784946236558 0.03721875000000008
5 0.3843225806451613 0.6054062499999999 0.024516129032258017 0.03237500000000004
6 0.289483870967742 0.1615625 0.019569892473118328 0.03046875