7 0.4033978494623656 0.1554375 0.01961290322580646 0.034937499999999976
2 0.5064731182795699 0.157 0.02004301075268816 0.029875000000000006
3 0.6065376344086022 0.15537499999999999 0.018623655913978427 0.03003125
6 0.6649247311827957 0.648625 0.024322580645161174 0.038000000000000075
1 0.5061505376344086 0.366625 0.023698924731182756 0.03528124999999997
0 0.5045591397849463 0.75103125 0.02516129032258062 0.0375
5 0.38860215053763436 0.5888125 0.023161290322580606 0.037406250000000085
5 0.44931182795698926 0.5948125 0.025182795698924686 0.04121874999999999
5 0.49395698924731185 0.63796875 0.024279569892473162 0.03615624999999998
5 0.5189677419354839 0.6381249999999999 0.024193548387096774 0.03846875000000001
5 0.4168817204301075 0.63309375 0.025720430107526837 0.03993749999999992
5 0.5038494623655914 0.5503750000000001 0.02989247311827952 0.03965624999999999
5 0.5316344086021506 0.5718125 0.03064516129032258 0.03459374999999998