7 0.40516129032258064 0.15553125 0.02234408602150535 0.03300000000000001
2 0.5063655913978495 0.15840625 0.018924731182795723 0.027718750000000014
3 0.6051612903225806 0.15659375 0.01800000000000001 0.03003125
1 0.5070322580645161 0.3676875 0.019376344086021485 0.03471875000000004
5 0.5301720430107527 0.5675625 0.023763440860215077 0.03903125000000003
5 0.4477204301075269 0.59709375 0.024107526881720385 0.03309374999999992
5 0.5054838709677419 0.54609375 0.027032258064516115 0.03874999999999993
4 0.5041290322580645 0.5845625 0.02578494623655916 0.04009374999999995
0 0.5048172043010752 0.74909375 0.025139784946236553 0.04328125000000007
6 0.7832258064516129 0.45106250000000003 0.025978494623656003 0.03556249999999998
5 0.2760430107526882 0.743375 0.024559139784946272 0.04046874999999996
5 0.3884731182795699 0.5895312500000001 0.023935483870967732 0.03762500000000006
5 0.3641935483870968 0.67809375 0.02490322580645158 0.03693749999999998
5 0.1450322580645161 0.592375 0.029333333333333305 0.03903125000000003