6 0.3374623655913978 0.4423125 0.02978494623655919 0.04328125000000007
4 0.5454408602150538 0.42540625 0.019182795698924705 0.04096875000000004
3 0.6066236559139785 0.15721875000000002 0.022645161290322523 0.032906250000000005
2 0.507010752688172 0.15609375 0.020322580645161265 0.030656250000000006
7 0.4038924731182796 0.15553125 0.023440860215053715 0.031781250000000004
1 0.7179569892473119 0.048812499999999995 0.01875268817204307 0.03406250000000001
0 0.5042795698924731 0.7464062499999999 0.02578494623655916 0.039718749999999935
5 0.5191182795698924 0.775375 0.024215053763440842 0.03631250000000001
5 0.5078064516129032 0.64196875 0.023440860215053715 0.03746875000000003
5 0.4995913978494624 0.6135937499999999 0.024215053763440842 0.03746875000000003
5 0.4683440860215054 0.6101875 0.022645161290322523 0.03746875000000003
5 0.462494623655914 0.6340312499999999 0.02812903225806448 0.04428125000000005
5 0.4093763440860215 0.651625 0.023440860215053715 0.03859375000000007
5 0.3761720430107527 0.6879375 0.02578494623655916 0.04087499999999995
5 0.29843010752688176 0.7140625 0.026559139784946284 0.03859375000000007
5 0.17498924731182797 0.6436875 0.020322580645161265 0.03631250000000001
5 0.15195698924731182 0.53640625 0.02578494623655916 0.03746875000000003