7 0.4032258064516129 0.15553125 0.02234408602150535 0.03300000000000001
2 0.5063655913978495 0.15840625 0.018924731182795723 0.027718750000000014
6 0.7480430107526881 0.07790625 0.02354838709677429 0.036968749999999995
3 0.6051612903225806 0.15659375 0.01800000000000001 0.03003125
1 0.5055698924731182 0.36559375 0.019376344086021485 0.03471874999999995
5 0.4481290322580645 0.59615625 0.0286236559139785 0.039750000000000084
5 0.5314408602150538 0.572375 0.02361290322580649 0.03874999999999993
5 0.3653548387096774 0.68046875 0.02537634408602153 0.042031249999999964
5 0.3885376344086021 0.5899062500000001 0.02544086021505373 0.042281249999999916
0 0.5036774193548387 0.7479375 0.024516129032258017 0.041281249999999936
5 0.5184516129032258 0.6917500000000001 0.024043010752688186 0.03946874999999998
5 0.504258064516129 0.5485625 0.026537634408602098 0.03240625000000001
4 0.5012258064516129 0.58528125 0.02578494623655916 0.04009374999999995
5 0.14518279569892475 0.5914375 0.024473118279569883 0.036781249999999946