7 0.404494623655914 0.15628124999999998 0.02165591397849461 0.03293750000000002
2 0.5060860215053764 0.1576875 0.021354838709677432 0.028531249999999987
3 0.6046236559139785 0.1576875 0.021612903225806356 0.033343750000000005
1 0.5058064516129032 0.3674375 0.020817204301075285 0.03706249999999996
6 0.1701505376344086 0.6130625000000001 0.026623655913978486 0.04718750000000007
5 0.3743225806451613 0.81578125 0.025806451612903226 0.04440625000000011
0 0.5044301075268818 0.748875 0.024666666666666726 0.045187499999999936
4 0.5049677419354839 0.568375 0.02361290322580649 0.0234375
5 0.47597849462365593 0.6840625 0.02443010752688175 0.03650000000000002
5 0.49666666666666665 0.67525 0.02169892473118274 0.03431250000000006
5 0.5471612903225807 0.679125 0.023053763440860273 0.036093750000000036
5 0.6166236559139785 0.6119687500000001 0.025612903225806383 0.040625
5 0.5653763440860214 0.6051562500000001 0.023591397849462424 0.040031250000000004
5 0.47040860215053765 0.63796875 0.023075268817204342 0.034500000000000065
5 0.49490322580645163 0.63559375 0.02144086021505382 0.03212499999999992
5 0.517483870967742 0.63778125 0.02468817204301079 0.03490625000000005
5 0.4836774193548387 0.61503125 0.024301075268817227 0.014718749999999937
5 0.5078279569892473 0.61415625 0.02443010752688175 0.014124999999999943
5 0.5198064516129033 0.608125 0.020602150537634374 0.029343749999999957
5 0.4947741935483871 0.6011875 0.029333333333333305 0.015499999999999936
5 0.504494623655914 0.58834375 0.02673118279569894 0.01587499999999995