7 0.4039139784946236 0.15525 0.021139784946236525 0.029625000000000012
2 0.5054623655913978 0.15525 0.020387096774193588 0.029625000000000012
3 0.6051182795698925 0.15578125 0.020387096774193588 0.028531249999999987
1 0.5043225806451612 0.3664375 0.021139784946236525 0.03950000000000005
4 0.5310537634408602 0.4873125 0.025096774193548423 0.03762500000000006
6 0.5514623655913978 0.68678125 0.023526881720430225 0.03534375000000001
5 0.8628817204301076 0.6759375000000001 0.026666666666666616 0.03874999999999993
5 0.7087311827956989 0.5585312499999999 0.02118279569892478 0.041031249999999984
5 0.6216559139784946 0.65315625 0.024322580645161174 0.03874999999999993
5 0.5718494623655914 0.65315625 0.021956989247311907 0.03874999999999993
5 0.5895053763440861 0.6086875 0.0227526881720431 0.031906249999999935
5 0.5079139784946237 0.6554375 0.02118279569892478 0.034187499999999996
5 0.4965376344086021 0.63890625 0.021956989247311785 0.03762500000000006
5 0.47458064516129034 0.6628437500000001 0.025096774193548423 0.03534375000000001
5 0.5020430107526882 0.61496875 0.020387096774193588 0.030781250000000072
5 0.4800645161290322 0.6229375 0.023526881720430104 0.03306249999999995
5 0.24789247311827955 0.64403125 0.02666666666666668 0.03646875000000005
5 0.2212043010752688 0.5078125 0.023526881720430104 0.030781250000000072
5 0.4934193548387097 0.5750625 0.021956989247311785 0.030781250000000072
5 0.4953763440860215 0.55284375 0.022752688172042977 0.029625000000000058