7 0.40458064516129033 0.156 0.02090322580645167 0.03271875
2 0.5062150537634408 0.15796875 0.02092473118279574 0.031937499999999994
3 0.6067956989247313 0.157625 0.021569892473118222 0.03328125000000002
6 0.3505161290322581 0.74284375 0.027913978494623695 0.044593749999999946
5 0.4721290322580645 0.63778125 0.025182795698924686 0.03656249999999996
5 0.4935483870967742 0.63578125 0.02339784946236558 0.029312499999999984
5 0.5170967741935484 0.63728125 0.02292473118279575 0.03375000000000004
0 0.5055698924731182 0.749625 0.026881720430107527 0.043031249999999945
5 0.48490322580645157 0.61675 0.024000000000000053 0.018093750000000065
4 0.5029677419354839 0.65040625 0.025612903225806505 0.03762500000000006
5 0.5079569892473118 0.61690625 0.02636559139784944 0.020218750000000084
1 0.5066881720430108 0.3656875 0.024129032258064575 0.038124999999999964
5 0.4941720430107527 0.6018125000000001 0.02578494623655916 0.01590624999999992
5 0.5178924731182796 0.6054999999999999 0.022473118279569868 0.023906249999999928
5 0.5025591397849463 0.5874375 0.028774193548387086 0.01587499999999995