6 0.6280860215053764 0.73221875 0.02726881720430097 0.03896875000000009
2 0.5060860215053764 0.15621875000000002 0.019247311827956966 0.030937500000000017
3 0.6037849462365591 0.15559375 0.020688172043010763 0.03199999999999999
1 0.5041075268817204 0.36428125 0.022645161290322523 0.034781249999999986
5 0.37468817204301075 0.81878125 0.025075268817204354 0.041874999999999926
5 0.5661720430107526 0.6044375 0.026301075268817243 0.03465624999999992
5 0.4543440860215054 0.6456875 0.02354838709677417 0.034781249999999986
4 0.5045376344086022 0.5674375 0.02490322580645158 0.02243750000000002
5 0.5186451612903226 0.6064375 0.021225806451612914 0.028250000000000063
5 0.4938709677419355 0.6371875 0.022645161290322523 0.03674999999999997
0 0.5049032258064516 0.748 0.025075268817204354 0.04096875000000004
5 0.47255913978494624 0.635375 0.021419354838709635 0.03540624999999995
7 0.40440860215053764 0.154125 0.021569892473118222 0.03225000000000002
5 0.517505376344086 0.63765625 0.02367741935483869 0.03765625000000004
5 0.4846451612903226 0.6156875 0.024731182795698924 0.019374999999999965
5 0.5071397849462366 0.61484375 0.02529032258064514 0.018343750000000013
5 0.494 0.60478125 0.025526881720430116 0.02156249999999993
5 0.5041290322580645 0.58709375 0.023440860215053715 0.019687500000000035