3 0.6050967741935483 0.1555 0.02292473118279563 0.03456250000000001
7 0.4047311827956989 0.15646875 0.0191612903225807 0.03181249999999998
1 0.5055698924731182 0.36465625 0.021892473118279583 0.026531250000000027
2 0.5147741935483872 0.15078125 0.017548387096774247 0.02784374999999999
5 0.40744086021505377 0.617 0.024731182795698924 0.034781249999999986
4 0.5064301075268818 0.57909375 0.024924731182795645 0.023843749999999986
0 0.4609247311827957 0.8225 0.027698924731182784 0.03746875000000003
6 0.6565591397849463 0.72709375 0.026193548387096668 0.046218750000000065
5 0.5661075268817205 0.62709375 0.02118279569892478 0.031937500000000084
5 0.535505376344086 0.6681250000000001 0.01961290322580646 0.03650000000000002
5 0.5402150537634408 0.63565625 0.0227526881720431 0.03306249999999995
5 0.5268817204301075 0.61853125 0.02118279569892478 0.030781250000000072
5 0.5111827956989247 0.60484375 0.022752688172042977 0.028500000000000015
5 0.5045161290322581 0.6407812500000001 0.018838709677419335 0.027374999999999972
5 0.5041290322580645 0.66584375 0.022752688172042977 0.02965625000000003
5 0.46920430107526884 0.6635625 0.025118279569892488 0.034218749999999964
5 0.4492043010752688 0.6350625 0.022752688172042977 0.03874999999999993
5 0.47116129032258064 0.602 0.02118279569892478 0.027374999999999972
5 0.47000000000000003 0.621375 0.02354838709677417 0.02965625000000003
5 0.47234408602150535 0.64190625 0.020408602150537653 0.02965625000000003