3 0.6050967741935483 0.1555 0.02292473118279563 0.03456250000000001
7 0.4047311827956989 0.15646875 0.0191612903225807 0.03181249999999998
1 0.5055698924731182 0.36465625 0.021892473118279583 0.026531250000000027
0 0.503268817204301 0.7485625 0.024645161290322536 0.03846875000000001
4 0.5068817204301075 0.58428125 0.022473118279569868 0.032218750000000004
2 0.505978494623656 0.15646875 0.017182795698924752 0.027906249999999976
6 0.7085806451612904 0.3520625 0.023376344086021517 0.03534375000000001
5 0.5298494623655914 0.57078125 0.024537634408602203 0.03296875000000003
5 0.5050107526881721 0.5480625 0.02268817204301078 0.03209374999999994
5 0.44890322580645164 0.5970625 0.024537634408602203 0.03387499999999992
5 0.3897204301075269 0.5894999999999999 0.02636559139784944 0.03296875000000003
5 0.36550537634408603 0.67503125 0.022086021505376304 0.029406250000000078
5 0.3691827956989247 0.6990937500000001 0.019634408602150526 0.029406250000000078
5 0.1444516129032258 0.59090625 0.022451612903225802 0.033781250000000006