3 0.603720430107527 0.15509375 0.02118279569892478 0.03315625
2 0.5377204301075269 0.09718750000000001 0.0177849462365591 0.028093749999999983
1 0.5050967741935484 0.36459375 0.021290322580645112 0.029750000000000033
5 0.4264731182795699 0.5865 0.024924731182795645 0.03384374999999995
4 0.5101720430107527 0.5675625 0.025698924731182772 0.02759374999999995
5 0.5090537634408603 0.591125 0.023462365591397902 0.025968750000000006
5 0.4922795698924731 0.6033125 0.023462365591397902 0.034093750000000075
5 0.8555268817204301 0.65575 0.02929032258064517 0.03696874999999995
5 0.6584946236559139 0.5546875 0.02354838709677429 0.035781249999999966
0 0.5053763440860215 0.748375 0.027827956989247307 0.04356249999999999
5 0.16060215053763444 0.602125 0.025698924731182772 0.04356249999999999
6 0.2564301075268817 0.37109375 0.026774193548387074 0.03890624999999996