2 0.5055913978494624 0.15284375 0.01860215053763436 0.03209374999999999
1 0.5038494623655914 0.36565625 0.024408602150537684 0.03209375000000003
6 0.2384516129032258 0.161625 0.023634408602150558 0.036375000000000005
7 0.21898924731182795 0.35559375000000004 0.023634408602150558 0.0444375
5 0.146 0.593 0.02503225806451616 0.04243749999999995
3 0.6042580645161291 0.1559375 0.02083870967741947 0.027249999999999996
5 0.3646451612903226 0.679 0.025010752688172034 0.04087499999999995
5 0.3901720430107527 0.5904375 0.023956989247311797 0.03937500000000007
5 0.45006451612903225 0.59571875 0.031247311827956932 0.037843750000000044
5 0.504774193548387 0.5472812499999999 0.023956989247311797 0.03178125000000005
5 0.5313333333333333 0.57225 0.025010752688172034 0.03634374999999999
4 0.5052903225806452 0.585125 0.025010752688172034 0.043906250000000036
0 0.5037204301075269 0.748625 0.02812903225806448 0.04087499999999995