2 0.5064516129032258 0.156 0.02273118279569891 0.028125
3 0.6050967741935483 0.1555 0.02292473118279563 0.03456250000000001
7 0.403505376344086 0.1569375 0.022559139784946256 0.029656249999999985
1 0.5061290322580645 0.3638125 0.01933333333333335 0.02496875000000003
0 0.5050752688172043 0.74821875 0.02415053763440864 0.03949999999999996
6 0.5130107526881721 0.8326874999999999 0.030946236559139757 0.032906249999999915
4 0.5039569892473118 0.57103125 0.026430107526881765 0.027437499999999913
5 0.5658494623655914 0.6039375 0.02189247311827946 0.038406250000000065
5 0.6168172043010752 0.611625 0.022645161290322523 0.03181250000000002
5 0.5466021505376344 0.67690625 0.022645161290322523 0.032906249999999915
5 0.37408602150537634 0.8135 0.024924731182795645 0.0362187500000001
5 0.4760215053763441 0.685125 0.024924731182795645 0.03181250000000002
5 0.4952688172043011 0.6730625 0.02415053763440864 0.03181250000000002
5 0.4692258064516129 0.63521875 0.02339784946236558 0.032906249999999915
5 0.493010752688172 0.63465625 0.025677419354838703 0.03181250000000002
5 0.5164086021505376 0.63796875 0.021139784946236525 0.036218749999999925
5 0.5186666666666667 0.60996875 0.025677419354838703 0.035093750000000055
5 0.5028172043010752 0.59296875 0.022645161290322523 0.023031250000000014
5 0.48243010752688176 0.61546875 0.019634408602150526 0.01974999999999998