4 0.5029247311827957 0.57128125 0.023118279569892472 0.025343750000000043
5 0.5067741935483872 0.6168125 0.022817204301075297 0.03315625000000004
5 0.5055483870967742 0.5943125 0.02036559139784952 0.016562500000000036
5 0.5236129032258064 0.60675 0.014107526881720435 0.029593750000000085
5 0.5185806451612903 0.6381249999999999 0.02200000000000004 0.03315625000000004
1 0.5059569892473118 0.36524999999999996 0.02118279569892478 0.036687500000000026
3 0.603720430107527 0.15509375 0.02118279569892478 0.03315625
7 0.40288172043010756 0.1545 0.02036559139784952 0.029593749999999995
0 0.5069677419354839 0.74775 0.026494623655913964 0.03734374999999997
2 0.504494623655914 0.157 0.0199354838709677 0.029906250000000023
5 0.3742795698924731 0.81534375 0.02443010752688175 0.042062500000000114
6 0.5896989247311828 0.73871875 0.027010752688171925 0.04206249999999993
5 0.5485591397849462 0.67703125 0.02443010752688175 0.03831249999999997
5 0.5665591397849462 0.604625 0.02443010752688175 0.035500000000000045
5 0.4536989247311828 0.64759375 0.023784946236559145 0.03365624999999994
5 0.47331182795698923 0.63778125 0.023161290322580606 0.03456250000000001
5 0.48359139784946237 0.6158125 0.021870967741935518 0.02056249999999995
5 0.4958279569892473 0.6391875 0.021870967741935518 0.03178125000000005