2 0.5064516129032258 0.156 0.02273118279569891 0.028125
7 0.32591397849462367 0.11615625 0.021204301075268845 0.03465625000000001
1 0.5233118279569893 0.38759375 0.01853763440860216 0.0359375
4 0.841268817204301 0.569125 0.025612903225806383 0.034468749999999916
5 0.4636989247311828 0.49284375 0.026494623655913964 0.03337500000000002
5 0.4884301075268817 0.633375 0.021204301075268845 0.03721875000000008
5 0.8119139784946237 0.6057187500000001 0.02346236559139778 0.03896875000000009
5 0.8599569892473118 0.6252187499999999 0.02793548387096776 0.03571875000000002
3 0.6050967741935483 0.1555 0.02292473118279563 0.03456250000000001
6 0.41053763440860214 0.7146250000000001 0.027032258064516115 0.044656250000000064
5 0.6432043010752687 0.53015625 0.025870967741935424 0.036250000000000074
5 0.5824516129032258 0.61559375 0.026752688172043126 0.043656250000000084
5 0.4927956989247312 0.6069375 0.0261075268817204 0.031218750000000028
5 0.5098709677419355 0.64921875 0.02058064516129031 0.03881250000000005
5 0.5327096774193548 0.66340625 0.019913978494623636 0.04312500000000004
5 0.5060430107526882 0.684625 0.026172043010752724 0.042312500000000065
0 0.5036989247311828 0.7478125 0.024752688172042993 0.04368750000000006