3 0.603720430107527 0.15509375 0.02118279569892478 0.03315625
4 0.5070322580645161 0.57165625 0.019634408602150526 0.030281249999999992
5 0.5104946236559139 0.59609375 0.02083870967741935 0.034062499999999926
5 0.6576559139784947 0.556375 0.023440860215053715 0.034062499999999926
5 0.8549677419354839 0.6585625 0.024752688172042993 0.04162499999999998
5 0.1588817204301075 0.6036875 0.026043010752688202 0.034062499999999926
2 0.5378494623655914 0.09840625 0.023440860215053715 0.030281249999999992
1 0.5025161290322581 0.367 0.018172043010752665 0.03206249999999997
0 0.504021505376344 0.74865625 0.029053763440860195 0.03896875000000009
6 0.5660860215053763 0.7215 0.030193548387096696 0.04559374999999992
7 0.40337634408602147 0.15546875 0.021053763440860258 0.03228125