3 0.6050967741935483 0.1555 0.02292473118279563 0.03456250000000001
7 0.4047311827956989 0.15646875 0.0191612903225807 0.03181249999999998
1 0.5055698924731182 0.36465625 0.021892473118279583 0.026531250000000027
6 0.46580645161290324 0.048125 0.020387096774193588 0.031093749999999996
2 0.5055483870967742 0.15478125 0.020387096774193588 0.02221875
5 0.6156344086021505 0.59171875 0.026494623655914085 0.03703125000000007
5 0.5305161290322581 0.57021875 0.021397849462365566 0.035531250000000014
5 0.5055483870967742 0.548 0.022430107526881734 0.03259375000000002
5 0.4505161290322581 0.599125 0.022430107526881734 0.045906249999999996
5 0.3883440860215054 0.58946875 0.026494623655913964 0.03259375000000002
5 0.3653978494623656 0.677625 0.023440860215053715 0.040000000000000036
5 0.1437204301075269 0.59096875 0.024451612903225815 0.03259375000000002
4 0.504021505376344 0.58134375 0.021397849462365566 0.03703125000000007
0 0.504021505376344 0.74646875 0.023440860215053715 0.04146874999999994