7 0.4047311827956989 0.15646875 0.0191612903225807 0.03181249999999998
1 0.5055698924731182 0.36465625 0.021892473118279583 0.026531250000000027
2 0.5068602150537634 0.1598125 0.023354838709677448 0.030343750000000023
3 0.6057849462365591 0.15625 0.019655913978494595 0.02678124999999998
6 0.74647311827957 0.26784375 0.023354838709677448 0.03571875000000002
5 0.14376344086021503 0.59190625 0.02210752688172043 0.0375
5 0.3886236559139785 0.5899062500000001 0.027311827956989224 0.028999999999999915
5 0.36552688172043013 0.68071875 0.027311827956989224 0.03662500000000009
5 0.44744086021505375 0.5975312500000001 0.023118279569892472 0.03206249999999997
5 0.5046881720430108 0.54640625 0.028365591397849457 0.024406250000000008
5 0.5309462365591398 0.57084375 0.02206451612903224 0.030531249999999944
4 0.505225806451613 0.58684375 0.027311827956989224 0.035093750000000055
0 0.5041720430107527 0.7501562500000001 0.025204301075268876 0.05037500000000002