2 0.5048387096774194 0.15625 0.0199354838709677 0.030156250000000016
1 0.5073333333333333 0.36559375 0.0199354838709677 0.03137499999999997
0 0.504021505376344 0.7480625 0.026580645161290353 0.033781250000000006
7 0.4053118279569892 0.15478125 0.018064516129032208 0.028843750000000012
3 0.605268817204301 0.15871875 0.02075268817204296 0.028843750000000012
6 0.6716129032258065 0.53190625 0.02346236559139778 0.03540624999999995
5 0.5308387096774193 0.57265625 0.025419354838709662 0.03893749999999994
5 0.504731182795699 0.5506875 0.02266666666666671 0.032937500000000064
5 0.5181290322580645 0.6380625 0.023354838709677448 0.03793749999999996
5 0.4944301075268817 0.6380625 0.025419354838709662 0.03793749999999996
5 0.44804301075268815 0.596125 0.0261075268817204 0.03993749999999992
5 0.4164301075268817 0.63509375 0.024731182795698924 0.0359375
5 0.3875698924731183 0.58915625 0.024731182795698924 0.0359375