7 0.40344086021505376 0.15646875 0.024258064516128972 0.030843750000000014
1 0.5040430107526882 0.36512500000000003 0.021225806451612914 0.033781250000000006
6 0.6643010752688172 0.0641875 0.02163440860215042 0.023562499999999997
3 0.6043655913978494 0.15521875000000002 0.020731182795698896 0.030125000000000002
2 0.5052043010752688 0.15521875000000002 0.018924731182795723 0.02749999999999999
4 0.5052043010752688 0.5815625 0.02253763440860219 0.034062499999999926
0 0.5038709677419355 0.74790625 0.02524731182795701 0.039281249999999976
5 0.5309032258064517 0.57040625 0.021634408602150542 0.035374999999999976
5 0.5052043010752688 0.5475 0.020731182795698896 0.028812500000000085
5 0.4488817204301075 0.5979062500000001 0.021634408602150542 0.037968749999999926
5 0.38939784946236555 0.5900624999999999 0.02524731182795701 0.03275000000000006
5 0.3650537634408602 0.6778125 0.023440860215053715 0.04321874999999995
5 0.14511827956989248 0.59203125 0.023440860215053774 0.036687500000000026