1 0.5062795698924731 0.365 0.020731182795698896 0.030312499999999964
3 0.6052043010752689 0.1565625 0.023225806451612804 0.031937499999999994
2 0.5055483870967742 0.15484375 0.022559139784946256 0.03340624999999999
7 0.4039354838709678 0.15362499999999998 0.021333333333333367 0.032906250000000005
5 0.40208602150537637 0.59525 0.025333333333333274 0.03615624999999998
6 0.5113333333333333 0.60403125 0.02522580645161294 0.03718749999999993
5 0.41668817204301073 0.6363749999999999 0.028365591397849457 0.03881250000000005
5 0.49391397849462365 0.63559375 0.024774193548387058 0.038124999999999964
5 0.4603010752688172 0.6028749999999999 0.024000000000000053 0.035843750000000084
4 0.47077419354838707 0.6833437499999999 0.026215053763440854 0.03778124999999992
5 0.477505376344086 0.5780624999999999 0.024774193548387058 0.03531250000000004
5 0.5183010752688172 0.638375 0.021741935483870996 0.035843750000000084
5 0.5075698924731183 0.5525625 0.02443010752688175 0.032624999999999994
5 0.5304086021505376 0.57490625 0.02578494623655916 0.03774999999999995