7 0.32703225806451613 0.11809375 0.020817204301075285 0.03171875000000002
6 0.5981720430107527 0.3539375 0.02329032258064525 0.038687499999999986
2 0.5055483870967742 0.1559375 0.02021505376344081 0.03171875000000002
3 0.5742795698924732 0.12378125 0.020623655913978564 0.030218750000000006
1 0.5225161290322581 0.38690625 0.023440860215053715 0.033093749999999963
5 0.2609032258064516 0.40978125 0.02090322580645161 0.03634374999999999
5 0.38210752688172045 0.570875 0.026408602150537575 0.04243749999999995
5 0.45206451612903226 0.692125 0.025956989247311813 0.038406250000000065
5 0.46877419354838706 0.68034375 0.02565591397849464 0.03787500000000001
5 0.5014193548387097 0.66278125 0.020795698924731217 0.03540624999999995
5 0.5243655913978494 0.6602187500000001 0.024322580645161296 0.037968749999999926
5 0.4893763440860215 0.6485000000000001 0.02152688172043009 0.028781249999999935
5 0.48795698924731185 0.6255 0.022215053763440826 0.02531250000000007
5 0.8601935483870968 0.6260625 0.02673118279569882 0.03496874999999999
5 0.4938279569892473 0.602375 0.02578494623655916 0.02578125
5 0.8156774193548387 0.6066874999999999 0.026193548387096668 0.03718749999999993
5 0.46339784946236556 0.49240625 0.024322580645161296 0.03403124999999996
5 0.6446236559139785 0.53153125 0.022817204301075297 0.03856249999999992
0 0.5043655913978494 0.75134375 0.024924731182795645 0.04571874999999999
4 0.8418494623655913 0.5700624999999999 0.024301075268817106 0.03990624999999994
5 0.5205591397849463 0.63628125 0.021333333333333367 0.020500000000000008