3 0.6050967741935483 0.1555 0.02292473118279563 0.03456250000000001
7 0.4047311827956989 0.15646875 0.0191612903225807 0.03181249999999998
1 0.5055698924731182 0.36465625 0.021892473118279583 0.026531250000000027
0 0.503268817204301 0.7485625 0.024645161290322536 0.03846875000000001
5 0.47092473118279565 0.6371875 0.02118279569892478 0.03359375
5 0.5181075268817203 0.6381249999999999 0.020537634408602175 0.03171874999999993
5 0.4834408602150538 0.6171562500000001 0.017978494623655944 0.019593749999999945
5 0.5046236559139785 0.59521875 0.01668817204301073 0.018656250000000086
5 0.5055913978494624 0.619 0.016043010752688127 0.019593749999999945
2 0.5061505376344086 0.15671875 0.020387096774193588 0.03209374999999999
5 0.5635268817204302 0.604125 0.02367741935483869 0.032312499999999925
5 0.6155268817204301 0.6088125 0.02726881720430097 0.03334375000000005
5 0.5470107526881721 0.6796875 0.025118279569892425 0.03962500000000002
5 0.49750537634408604 0.675 0.027978494623655894 0.03650000000000002
5 0.4756344086021505 0.683875 0.024387096774193495 0.029187499999999922
5 0.49464516129032254 0.635375 0.019376344086021485 0.032312499999999925
5 0.37447311827956986 0.8157187499999999 0.02726881720430109 0.04065624999999997
6 0.36049462365591395 0.7349375 0.026537634408602098 0.04378124999999997
4 0.5054193548387097 0.570125 0.02109677419354839 0.031937500000000084