7 0.40458064516129033 0.156 0.02090322580645167 0.03271875
2 0.5062150537634408 0.15796875 0.02092473118279574 0.031937499999999994
3 0.6045376344086022 0.157625 0.021569892473118222 0.03328125000000002
1 0.5057634408602151 0.36509375 0.024129032258064575 0.038124999999999964
5 0.3533763440860215 0.81565625 0.028516129032258045 0.04265624999999993
6 0.4328387096774194 0.4755 0.025548387096774185 0.04121874999999999
5 0.3052258064516129 0.4185625 0.02531182795698921 0.0359375
5 0.411741935483871 0.6559375000000001 0.024774193548387058 0.03693749999999998
5 0.5191827956989247 0.7774375 0.024494623655913948 0.03831249999999997
5 0.507225806451613 0.6394062500000001 0.02286021505376343 0.035781249999999966
5 0.33636559139784944 0.73334375 0.029311827956989236 0.03896875000000009
5 0.46243010752688174 0.6319375 0.025182795698924686 0.03656249999999996
5 0.4680860215053763 0.60825 0.025999999999999947 0.03275000000000006
5 0.3534408602150538 0.71603125 0.02462365591397847 0.034218749999999964
4 0.5474623655913978 0.42134375 0.029655913978494545 0.04343749999999993
5 0.49821505376344083 0.61253125 0.024580645161290337 0.030625000000000034
5 0.1744301075268817 0.6441250000000001 0.025763440860215033 0.04281249999999996
5 0.15156989247311828 0.535625 0.026301075268817184 0.04024999999999999
0 0.33481720430107526 0.7928124999999999 0.024236559139784907 0.039000000000000055
5 0.49292473118279573 0.57465625 0.02268817204301078 0.03618749999999995