7 0.4039139784946236 0.15503125 0.01821505376344092 0.034250000000000023
2 0.5064731182795699 0.157 0.02004301075268816 0.029875000000000006
3 0.6065376344086022 0.15537499999999999 0.018623655913978427 0.03003125
6 0.8067526881720429 0.57465625 0.024924731182795767 0.03643750000000008
1 0.5061505376344086 0.366625 0.023698924731182756 0.03528124999999997
0 0.5045591397849463 0.75103125 0.02516129032258062 0.0375
5 0.3809892473118279 0.5703437499999999 0.023161290322580606 0.037406250000000085
5 0.4826666666666667 0.664625 0.021677419354838676 0.03640624999999993
5 0.5043440860215054 0.65178125 0.023849462365591344 0.03490625000000005
5 0.5285591397849463 0.65346875 0.02268817204301078 0.03659374999999994
5 0.16135483870967743 0.744375 0.024193548387096774 0.04118750000000002
5 0.4729677419354839 0.6384375 0.02415053763440864 0.031093749999999965
5 0.4953763440860215 0.63565625 0.019053763440860245 0.025562500000000023
5 0.516752688172043 0.6289374999999999 0.021139784946236525 0.015468749999999965
5 0.5406451612903226 0.63771875 0.02223655913978489 0.032343750000000074
5 0.4840215053763441 0.6151875 0.027698924731182784 0.01715625000000003
5 0.5070967741935484 0.61615625 0.020516129032258107 0.01431249999999995
5 0.5289032258064517 0.6155625 0.025806451612903226 0.013187500000000085
5 0.494 0.6017187500000001 0.026129032258064466 0.013312499999999972
5 0.5173978494623656 0.60334375 0.023870967741935534 0.01453124999999993
5 0.5061505376344086 0.5915625 0.024258064516128972 0.012718749999999978
4 0.5068602150537634 0.574875 0.02286021505376343 0.020749999999999956