7 0.4046451612903226 0.1570625 0.020817204301075285 0.03171875000000002
2 0.5055483870967742 0.1559375 0.02021505376344081 0.03171875000000002
1 0.5069892473118279 0.365375 0.023440860215053715 0.03309375000000001
5 0.25793548387096776 0.6067812499999999 0.026408602150537638 0.04243749999999995
5 0.3808172043010753 0.6695625 0.025956989247311813 0.038406250000000065
5 0.3904731182795699 0.5929375 0.02565591397849464 0.03787500000000001
5 0.5308387096774193 0.57275 0.020795698924731217 0.03540624999999995
5 0.5212688172043011 0.6876875 0.024322580645161296 0.037968749999999926
5 0.5048602150537634 0.5463125 0.02152688172043009 0.028781249999999935
5 0.45 0.5980624999999999 0.024322580645161296 0.03403124999999996
4 0.5035913978494624 0.582625 0.02212903225806456 0.034500000000000065
6 0.6527096774193548 0.61509375 0.025268817204301075 0.03846875000000001
3 0.6052903225806451 0.15690625 0.01838709677419345 0.026187499999999985
0 0.5046451612903226 0.75178125 0.025462365591397796 0.04381249999999994