7 0.40458064516129033 0.156 0.02090322580645167 0.03271875
2 0.5062150537634408 0.15796875 0.02092473118279574 0.031937499999999994
3 0.6067956989247313 0.157625 0.021569892473118222 0.03328125000000002
6 0.6107096774193549 0.8170624999999999 0.031827956989247216 0.04265624999999993
5 0.411741935483871 0.6559375000000001 0.024774193548387058 0.03693749999999998
5 0.507225806451613 0.6394062500000001 0.02286021505376343 0.035781249999999966
5 0.46243010752688174 0.6319375 0.025182795698924686 0.03656249999999996
5 0.4680860215053763 0.60825 0.025999999999999947 0.03275000000000006
5 0.31688172043010754 0.8167500000000001 0.02522580645161294 0.042031250000000145
5 0.49821505376344083 0.61253125 0.024580645161290337 0.030625000000000034
5 0.5199354838709678 0.7790625 0.025763440860215092 0.04281250000000014
1 0.7190967741935483 0.047843750000000004 0.024129032258064575 0.038125
5 0.15206451612903224 0.53840625 0.02638709677419357 0.03893749999999994
5 0.17369892473118279 0.64359375 0.029548387096774213 0.04684375000000003
5 0.3038709677419355 0.41740625 0.024043010752688186 0.03865625000000002
4 0.5469892473118279 0.42290625000000004 0.024666666666666726 0.04065624999999997
5 0.33561290322580645 0.73271875 0.023763440860215077 0.041281249999999936
5 0.3521505376344086 0.7188749999999999 0.020086021505376292 0.03731249999999999