2 0.5055913978494624 0.15284375 0.01860215053763436 0.03209374999999999
6 0.31873118279569895 0.1488125 0.018365591397849507 0.030687500000000024
7 0.3444516129032258 0.22290625 0.02204301075268817 0.040031250000000004
3 0.6025806451612903 0.1575 0.02021505376344081 0.02668750000000002
1 0.5070322580645161 0.36571875 0.02204301075268817 0.02937500000000002
5 0.38808602150537636 0.5893125 0.022967741935483885 0.038718749999999955
5 0.14376344086021503 0.592625 0.022967741935483885 0.03471875000000004
5 0.3669677419354838 0.67940625 0.024795698924731123 0.04271875000000005
5 0.44825806451612904 0.59596875 0.02204301075268817 0.03337500000000002
5 0.5052043010752688 0.5479375 0.02204301075268817 0.03068749999999998
5 0.53 0.5719375 0.02204301075268817 0.038718749999999955
4 0.5056559139784946 0.5873125 0.022967741935483885 0.037374999999999936
0 0.5042795698924731 0.7488125 0.027548387096774197 0.03471875000000004