3 0.6050967741935483 0.1555 0.02292473118279563 0.03456250000000001
7 0.4047311827956989 0.15646875 0.0191612903225807 0.03181249999999998
1 0.5055698924731182 0.36465625 0.021892473118279583 0.026531250000000027
4 0.5064301075268818 0.5855625 0.024924731182795645 0.036781249999999946
6 0.5492688172043011 0.1409375 0.019784946236559114 0.028750000000000008
2 0.5057204301075269 0.153875 0.019784946236559114 0.028750000000000008
5 0.144 0.5925 0.02673118279569894 0.034500000000000065
0 0.5042365591397849 0.7478125 0.024752688172042993 0.037406250000000085
5 0.3646881720430108 0.6780625 0.022752688172042977 0.038843750000000024
5 0.3889462365591398 0.5896250000000001 0.021763440860215064 0.040281249999999956
5 0.4498064516129032 0.5968125 0.022752688172042977 0.034500000000000065
5 0.5542150537634408 0.62128125 0.019784946236559176 0.040281249999999956
5 0.505225806451613 0.5479375 0.024752688172042993 0.028749999999999963
5 0.529483870967742 0.5709375 0.02374193548387101 0.037406250000000085