3 0.603720430107527 0.15509375 0.02118279569892478 0.03315625
4 0.5101720430107527 0.5675625 0.025698924731182772 0.02759374999999995
5 0.5090537634408603 0.591125 0.023462365591397902 0.025968750000000006
5 0.4922795698924731 0.6033125 0.023462365591397902 0.034093750000000075
2 0.5379999999999999 0.09625000000000002 0.019526881720430073 0.027156250000000003
5 0.4263225806451613 0.5861875000000001 0.025483870967741986 0.03703125000000007
5 0.6581720430107527 0.5550312500000001 0.025376344086021407 0.04215625000000003
1 0.5049677419354839 0.3678125 0.020602150537634374 0.03556249999999998
5 0.16036559139784945 0.600875 0.021892473118279583 0.03368749999999991
5 0.8569032258064516 0.65865625 0.026473118279569774 0.04328125000000007
0 0.5041935483870967 0.7495625 0.024107526881720385 0.037437500000000054
6 0.2352688172043011 0.24943749999999998 0.02326881720430106 0.032624999999999994