3 0.603720430107527 0.15509375 0.02118279569892478 0.03315625
4 0.5044301075268818 0.5675625 0.02339784946236558 0.02759374999999995
5 0.5090537634408603 0.591125 0.023462365591397902 0.025968750000000006
5 0.4922795698924731 0.6033125 0.023462365591397902 0.034093750000000075
7 0.40440860215053764 0.1565625 0.01989247311827957 0.030500000000000017
1 0.5051612903225806 0.36553125 0.024946236559139835 0.033218749999999984
0 0.5056989247311828 0.74784375 0.025698924731182772 0.03734374999999997
2 0.5375483870967742 0.095 0.01787096774193549 0.030843750000000014
5 0.42690322580645157 0.5870625 0.024580645161290337 0.040593750000000026
5 0.15924731182795698 0.6016874999999999 0.023462365591397843 0.040593750000000026
5 0.6593548387096775 0.55621875 0.02234408602150535 0.040593750000000026
5 0.8560430107526882 0.6576875 0.02681720430107533 0.03896875000000009
6 0.3553763440860215 0.5050625 0.024580645161290337 0.03896875000000009