2 0.5055913978494624 0.15284375 0.01860215053763436 0.03209374999999999
3 0.6036774193548387 0.154 0.01853763440860216 0.028249999999999977
6 0.249505376344086 0.1610625 0.01853763440860216 0.02953125000000001
1 0.5060860215053764 0.3625625 0.022967741935483885 0.029531249999999964
7 0.17178494623655913 0.42609375 0.023849462365591406 0.03337500000000002
5 0.1435268817204301 0.59165625 0.025612903225806446 0.0359375
5 0.3899354838709677 0.5871562499999999 0.022086021505376304 0.03978125000000006
5 0.3652043010752688 0.6782812500000001 0.025612903225806505 0.03978125000000006
5 0.45045161290322583 0.5955 0.024731182795698924 0.03849999999999998
5 0.5038709677419355 0.547375 0.023849462365591344 0.029531249999999964
5 0.5325806451612903 0.5691875 0.026494623655913964 0.03465624999999992
4 0.5060860215053764 0.5858749999999999 0.024731182795698924 0.03465624999999992
0 0.5029892473118279 0.74825 0.025612903225806505 0.04106249999999996