3 0.6071397849462365 0.15603125 0.02204301075268817 0.03678124999999999
2 0.5056344086021506 0.1566875 0.020860215053763415 0.025562500000000023
7 0.4039784946236559 0.15528124999999998 0.022150537634408628 0.032187499999999994
0 0.5046236559139785 0.7502187499999999 0.024322580645161296 0.04031249999999993
1 0.5055913978494624 0.36396875 0.02092473118279574 0.028718749999999994
5 0.3825591397849462 0.57084375 0.02055913978494624 0.03865625000000002
5 0.5668387096774193 0.5546249999999999 0.022774193548387164 0.03528125000000006
5 0.5675913978494623 0.6136250000000001 0.025806451612903226 0.034187499999999996
5 0.6047741935483871 0.6814375 0.022774193548387164 0.039687499999999966
5 0.5235913978494624 0.659375 0.02124731182795698 0.030874999999999986
5 0.5027096774193548 0.6605000000000001 0.023526881720430104 0.03309374999999992
5 0.4696989247311828 0.67315625 0.019720430107526915 0.034187499999999996
5 0.4484516129032258 0.66159375 0.022774193548387042 0.03309374999999992
5 0.4867741935483871 0.64284375 0.02049462365591392 0.03528125000000006
5 0.5209247311827957 0.63734375 0.023526881720430104 0.024249999999999973
5 0.4826021505376344 0.623 0.024279569892473162 0.026468750000000086
5 0.5076559139784946 0.6246562499999999 0.022774193548387042 0.034187499999999996
5 0.49436559139784947 0.60371875 0.0250322580645161 0.01875
5 0.5156129032258064 0.60865625 0.02200000000000004 0.02865625000000005
5 0.5008172043010752 0.5860624999999999 0.024279569892473162 0.01875
6 0.23219354838709677 0.7625 0.025806451612903226 0.04081250000000001
4 0.6268602150537634 0.5805 0.024301075268817106 0.03759374999999991