2 0.5064516129032258 0.156 0.02273118279569891 0.028125
7 0.32591397849462367 0.11615625 0.021204301075268845 0.03465625000000001
1 0.5233118279569893 0.38759375 0.01853763440860216 0.0359375
4 0.841268817204301 0.569125 0.025612903225806383 0.034468749999999916
3 0.6050967741935483 0.1555 0.02292473118279563 0.03456250000000001
5 0.6432043010752687 0.53015625 0.025870967741935424 0.036250000000000074
5 0.5824516129032258 0.61559375 0.026752688172043126 0.043656250000000084
5 0.461505376344086 0.48803124999999997 0.022967741935483885 0.040031250000000004
5 0.49376344086021506 0.6050625000000001 0.025720430107526837 0.03049999999999997
5 0.48791397849462365 0.63415625 0.02286021505376343 0.03309374999999992
5 0.5310967741935484 0.662875 0.02686021505376346 0.034531250000000034
5 0.5109462365591398 0.650875 0.023763440860215077 0.034531250000000034
5 0.504731182795699 0.6809062499999999 0.023763440860215077 0.034531250000000034
6 0.36111827956989245 0.655375 0.02582795698924729 0.04353125000000002