7 0.4039139784946236 0.15525 0.021139784946236525 0.029625000000000012
2 0.5054623655913978 0.15525 0.020387096774193588 0.029625000000000012
3 0.6051182795698925 0.15578125 0.020387096774193588 0.028531249999999987
4 0.5469677419354838 0.42628125 0.023634408602150495 0.03434375000000003
5 0.3046451612903226 0.42003124999999997 0.022559139784946256 0.02809375000000003
5 0.4096774193548387 0.65015625 0.022967741935483885 0.03815624999999993
5 0.4649032258064516 0.631875 0.024064516129032255 0.03337500000000002
5 0.4681935483870968 0.60721875 0.024064516129032255 0.03178125000000005
5 0.49881720430107523 0.61278125 0.021870967741935518 0.03337500000000002
5 0.5064731182795699 0.63821875 0.021870967741935518 0.039750000000000084
5 0.521247311827957 0.77809375 0.02077419354838715 0.039750000000000084
5 0.351505376344086 0.7200624999999999 0.020795698924731217 0.04081250000000001
5 0.3369462365591398 0.73290625 0.022881720430107496 0.03628125000000004
5 0.35356989247311826 0.8213125 0.022881720430107496 0.0317499999999999
0 0.3355483870967742 0.79371875 0.0249677419354839 0.032781250000000026
6 0.3129892473118279 0.45890624999999996 0.016924731182795708 0.032781250000000026
5 0.157505376344086 0.5396875 0.013698924731182805 0.03981250000000003
5 0.17643010752688174 0.6356875 0.02417204301075271 0.02575000000000003
5 0.4918494623655914 0.57246875 0.026580645161290353 0.03746875000000003
1 0.7448387096774194 0.0426875 0.019999999999999903 0.027281249999999996