3 0.6050967741935483 0.1555 0.02292473118279563 0.03456250000000001
7 0.4047311827956989 0.15646875 0.0191612903225807 0.03181249999999998
1 0.5055698924731182 0.36465625 0.021892473118279583 0.026531250000000027
2 0.5147741935483872 0.15078125 0.017548387096774247 0.02784374999999999
5 0.40744086021505377 0.617 0.024731182795698924 0.034781249999999986
5 0.4561290322580645 0.6332187499999999 0.026344086021505377 0.034781249999999986
5 0.4784731182795699 0.66221875 0.02313978494623654 0.039437500000000014
5 0.5008172043010752 0.650625 0.024731182795698924 0.03015624999999993
5 0.5295483870967742 0.65178125 0.02313978494623654 0.034781249999999986
5 0.5403225806451613 0.637875 0.025548387096774185 0.034781249999999986
5 0.4844516129032258 0.62453125 0.023935483870967732 0.033624999999999974
5 0.5199784946236559 0.60771875 0.01995698924731177 0.03015624999999993
5 0.4960215053763441 0.60596875 0.02313978494623654 0.019718750000000007
4 0.5064301075268818 0.57909375 0.024924731182795645 0.023843749999999986
0 0.4609247311827957 0.8225 0.027698924731182784 0.03746875000000003
5 0.5531182795698925 0.61928125 0.02090322580645167 0.03184374999999999
6 0.5424516129032259 0.14678125 0.020387096774193588 0.03387500000000001