2 0.5055913978494624 0.15284375 0.01860215053763436 0.03209374999999999
1 0.5038494623655914 0.36565625 0.024408602150537684 0.03209375000000003
6 0.25088172043010754 0.15428124999999998 0.021225806451612914 0.02921874999999998
7 0.29670967741935483 0.26956250000000004 0.021225806451612914 0.032468750000000046
3 0.6068387096774194 0.15590625 0.02010752688172048 0.02921874999999998
5 0.14393548387096775 0.5908125 0.028043010752688155 0.03259375000000002
5 0.36591397849462365 0.67909375 0.023376344086021517 0.03803125000000005
5 0.38929032258064517 0.59146875 0.023376344086021517 0.03665625000000006
5 0.4481720430107527 0.5955625 0.02522580645161294 0.03665625000000006
5 0.5047096774193548 0.5486875 0.024301075268817227 0.029875000000000006
4 0.5047096774193548 0.5846875 0.02055913978494624 0.04209375000000008
5 0.5318064516129032 0.5704374999999999 0.022430107526881734 0.03803125000000005
0 0.5042365591397849 0.74903125 0.027096774193548435 0.03396875000000001