7 0.40301075268817205 0.15518749999999998 0.020817204301075285 0.03171875000000002
6 0.6130107526881721 0.5155000000000001 0.022774193548387164 0.04096875000000004
2 0.5055483870967742 0.1559375 0.02021505376344081 0.03171875000000002
3 0.6039354838709677 0.16009374999999998 0.020623655913978564 0.030218750000000006
1 0.5058709677419354 0.3641875 0.023440860215053715 0.03309375000000001
5 0.38888172043010755 0.5913125 0.026408602150537575 0.04243749999999995
5 0.450494623655914 0.5998125 0.025956989247311813 0.038406250000000065
5 0.5052043010752688 0.5547187499999999 0.02565591397849464 0.03787500000000001
5 0.5326881720430108 0.57090625 0.024322580645161296 0.037968749999999926
5 0.4936774193548387 0.639 0.022709677419354844 0.03137500000000006
5 0.41498924731182796 0.6324062500000001 0.024322580645161296 0.03403124999999996
0 0.5043655913978494 0.75134375 0.024924731182795645 0.04571874999999999
5 0.5182580645161291 0.63834375 0.0203010752688172 0.02890625