7 0.32703225806451613 0.11809375 0.020817204301075285 0.03171875000000002
6 0.27279569892473116 0.7819687499999999 0.027440860215053743 0.04643750000000004
2 0.5055483870967742 0.1559375 0.02021505376344081 0.03171875000000002
3 0.6068602150537634 0.15584375 0.020623655913978564 0.030218750000000006
1 0.5062795698924731 0.36709375 0.023440860215053715 0.03309375000000001
5 0.5485376344086021 0.41859375 0.024731182795698924 0.03887499999999999
5 0.38210752688172045 0.570875 0.026408602150537575 0.04243749999999995
5 0.4346666666666667 0.6783750000000001 0.025956989247311813 0.038406250000000065
5 0.4663225806451613 0.6770937499999999 0.02565591397849464 0.04353125000000002
5 0.5014193548387097 0.66278125 0.020795698924731217 0.03540624999999995
5 0.5243655913978494 0.6602187500000001 0.024322580645161296 0.037968749999999926
5 0.48692473118279567 0.6431875 0.022709677419354844 0.033468749999999936
5 0.48795698924731185 0.6255 0.022215053763440826 0.02531250000000007
5 0.7258924731182796 0.6068125 0.02673118279569882 0.03496874999999999
5 0.4895913978494624 0.60421875 0.024774193548387058 0.019125000000000014
5 0.6478709677419354 0.6234375 0.02470967741935486 0.029625000000000058
5 0.47701075268817206 0.556875 0.02374193548387101 0.033187500000000016
5 0.5961505376344085 0.58921875 0.022989247311828075 0.03731249999999999
5 0.6446236559139785 0.53153125 0.022817204301075297 0.03856249999999992
0 0.5043655913978494 0.75134375 0.024924731182795645 0.04571874999999999
4 0.8418494623655913 0.5700624999999999 0.024301075268817106 0.03990624999999994
5 0.5205591397849463 0.63628125 0.021333333333333367 0.020500000000000008