2 0.5055913978494624 0.15284375 0.01860215053763436 0.03209374999999999
5 0.6617204301075269 0.80796875 0.02752688172043001 0.04181249999999999
7 0.39544086021505376 0.14750000000000002 0.01929032258064522 0.025375000000000016
5 0.7669462365591397 0.5568125 0.022967741935483763 0.03865625000000002
3 0.7106881720430108 0.033187499999999995 0.016086021505376382 0.02878125
4 0.5063440860215054 0.584125 0.020666666666666694 0.03603124999999992
1 0.5064086021505376 0.3675 0.021505376344086023 0.033062500000000036
6 0.6746236559139784 0.46675000000000005 0.026021505376344133 0.03384374999999995
5 0.47258064516129034 0.63496875 0.019182795698924764 0.035843750000000084
5 0.49174193548387096 0.63196875 0.024666666666666726 0.03781250000000007
5 0.4807956989247312 0.654875 0.02191397849462365 0.04378124999999997
5 0.4844301075268817 0.7294375 0.02550537634408605 0.03859375000000007
5 0.5487096774193548 0.7811250000000001 0.024430107526881687 0.040124999999999925
0 0.626258064516129 0.8359375 0.028688172043010822 0.03240625000000001
5 0.7850967741935484 0.8359375 0.02550537634408605 0.02624999999999993