2 0.5056344086021506 0.1566875 0.020860215053763415 0.025562500000000023
0 0.5046236559139785 0.7502187499999999 0.024322580645161296 0.04031249999999993
1 0.5055913978494624 0.36396875 0.02092473118279574 0.028718749999999994
7 0.40447311827956994 0.15537499999999999 0.02092473118279574 0.027031250000000017
7 0.6061290322580646 0.15453125 0.022086021505376304 0.03209374999999999
6 0.6927096774193549 0.5353749999999999 0.023247311827956873 0.03715624999999996
5 0.5305806451612903 0.57084375 0.022086021505376304 0.04053125000000009
5 0.5061720430107527 0.54890625 0.024408602150537684 0.033781250000000006
5 0.3876129032258065 0.58775 0.02673118279569894 0.033781250000000006
5 0.4166666666666667 0.6308125 0.022086021505376304 0.03209374999999994
5 0.4492043010752688 0.59703125 0.024408602150537684 0.03209374999999994
5 0.4949892473118279 0.6358125 0.02268817204301078 0.03403124999999996
5 0.5184086021505376 0.639 0.02415053763440864 0.04040625000000002