2 0.5055913978494624 0.15284375 0.01860215053763436 0.03209374999999999
1 0.5064086021505376 0.3675 0.021505376344086023 0.033062500000000036
6 0.7339784946236559 0.092875 0.01976344086021517 0.030406250000000013
3 0.6037849462365591 0.15537499999999999 0.01976344086021517 0.027031250000000017
7 0.5427741935483871 0.179875 0.02092473118279574 0.03209374999999999
5 0.38819354838709674 0.59028125 0.02556989247311825 0.038843750000000024
5 0.36552688172043013 0.67725 0.024408602150537684 0.04053125000000009
5 0.15225806451612903 0.61221875 0.027892473118279568 0.04221874999999997
5 0.4486236559139785 0.59703125 0.02556989247311825 0.04221874999999997
5 0.47535483870967743 0.58184375 0.02092473118279574 0.03546875000000007
0 0.503268817204301 0.74903125 0.023247311827956994 0.03546875000000007
4 0.46374193548387094 0.8199687499999999 0.030215053763440886 0.0455937500000001