3 0.603720430107527 0.15509375 0.02118279569892478 0.03315625
4 0.5101720430107527 0.5675625 0.025698924731182772 0.02759374999999995
5 0.5090537634408603 0.591125 0.023462365591397902 0.025968750000000006
5 0.4922795698924731 0.6033125 0.023462365591397902 0.034093750000000075
7 0.40372043010752684 0.15334375 0.020795698924731217 0.030218750000000006
1 0.5055913978494624 0.36478125 0.022989247311827953 0.03340624999999999
2 0.5379999999999999 0.09625000000000002 0.019526881720430073 0.027156249999999993
5 0.5668817204301075 0.252375 0.024623655913978592 0.035781249999999966
5 0.5995698924731183 0.5571875000000001 0.022086021505376304 0.03331250000000008
5 0.6586021505376344 0.5565625 0.021225806451612914 0.03456250000000001
5 0.8560430107526882 0.658375 0.025483870967741986 0.035781249999999966
5 0.4263225806451613 0.5861875000000001 0.025483870967741986 0.03703125000000007
5 0.1596559139784946 0.600375 0.023784946236559145 0.03825000000000003
6 0.8904516129032258 0.73303125 0.02632258064516131 0.04196875000000002