7 0.40458064516129033 0.154125 0.021225806451612914 0.034125
2 0.537505376344086 0.10209375000000001 0.017698924731182834 0.029625000000000012
3 0.604236559139785 0.1568125 0.018451612903225896 0.031031249999999976
6 0.48032258064516126 0.34746875 0.02294623655913982 0.03646874999999996
1 0.5060430107526882 0.36696875 0.019634408602150526 0.034218749999999964
0 0.7003655913978495 0.8274687500000001 0.02410752688172051 0.0390625
5 0.11270967741935484 0.8415312500000001 0.024903225806451608 0.03793749999999996
5 0.855720430107527 0.659125 0.022881720430107496 0.03534375000000001
5 0.4807741935483871 0.6209374999999999 0.021225806451612914 0.03340624999999999
5 0.550236559139785 0.655 0.021225806451612914 0.03340624999999999
5 0.757225806451613 0.79359375 0.02313978494623654 0.03337499999999993
5 0.5659784946236559 0.256 0.020408602150537653 0.035062499999999996
5 0.4873978494623656 0.588125 0.01746236559139786 0.033468749999999936
5 0.4938709677419355 0.6384375 0.023161290322580606 0.03506250000000009
5 0.5170967741935484 0.6384375 0.023161290322580606 0.038437500000000034
5 0.5031612903225806 0.5897187500000001 0.02083870967741935 0.018718750000000027
5 0.5232688172043011 0.6078125 0.02361290322580649 0.025156250000000036
5 0.508 0.6144999999999999 0.021225806451612914 0.010843750000000086
5 0.4744086021505376 0.6013437500000001 0.02470967741935486 0.02709375000000005
4 0.5051612903225806 0.5700937500000001 0.02322580645161293 0.021812500000000058