3 0.603720430107527 0.15509375 0.02118279569892478 0.03315625
4 0.5101720430107527 0.5675625 0.025698924731182772 0.02759374999999995
5 0.5090537634408603 0.591125 0.023462365591397902 0.025968750000000006
5 0.4922795698924731 0.6033125 0.023462365591397902 0.034093750000000075
2 0.5379999999999999 0.09625000000000002 0.019526881720430073 0.027156249999999993
5 0.6581720430107527 0.5550312500000001 0.025376344086021407 0.04215625000000003
5 0.16036559139784945 0.600875 0.021892473118279583 0.03368749999999991
5 0.5679354838709677 0.25609375 0.01989247311827957 0.03693749999999998
7 0.40440860215053764 0.1565625 0.01989247311827957 0.030500000000000017
5 0.5987096774193548 0.5588437500000001 0.027032258064516236 0.0453125
1 0.5051612903225806 0.36553125 0.024946236559139835 0.033218749999999984
6 0.7431827956989246 0.6625625 0.033526881720430175 0.04221874999999997