1 0.5055268817204301 0.36593749999999997 0.021827956989247263 0.034499999999999975
3 0.6052043010752689 0.1565625 0.023225806451612804 0.031937499999999994
2 0.5055483870967742 0.15484375 0.022559139784946256 0.03340624999999999
7 0.4039354838709678 0.15362499999999998 0.021333333333333367 0.032906250000000005
6 0.6200430107526882 0.61125 0.0249677419354839 0.04240624999999998
0 0.5038709677419355 0.75028125 0.026903225806451592 0.04146874999999994
4 0.4700860215053764 0.686375 0.026279569892473178 0.04137500000000003
5 0.3883010752688172 0.5911875 0.027290322580645156 0.03849999999999998
5 0.44855913978494627 0.5964375000000001 0.02524731182795701 0.04181249999999999
5 0.532258064516129 0.5702499999999999 0.025677419354838703 0.039437500000000014
5 0.5052903225806452 0.5493125 0.025612903225806505 0.03934374999999992
5 0.4160430107526882 0.6327812500000001 0.02361290322580649 0.035500000000000045
5 0.49490322580645163 0.6370625000000001 0.023526881720430104 0.034500000000000065
5 0.5186881720430108 0.635625 0.020817204301075285 0.034375