7 0.4033548387096774 0.15603125 0.01997849462365596 0.029281250000000016
2 0.5056559139784946 0.15690625 0.02021505376344081 0.028937500000000015
1 0.5038064516129033 0.3649375 0.020946236559139804 0.030437500000000027
6 0.42800000000000005 0.7305312500000001 0.024752688172042993 0.04496874999999996
0 0.5057849462365591 0.7512187499999999 0.024860215053763447 0.04018750000000004
5 0.13172043010752688 0.8244999999999999 0.026430107526881703 0.03874999999999993
5 0.47475268817204297 0.694875 0.0276129032258064 0.039124999999999945
5 0.6193118279569892 0.71025 0.024666666666666726 0.03790624999999999
5 0.533483870967742 0.65575 0.02172043010752693 0.034187499999999996
5 0.544236559139785 0.63753125 0.02172043010752693 0.0359375
5 0.6106451612903225 0.59865625 0.022989247311828075 0.03793749999999996
5 0.47101075268817205 0.6368750000000001 0.02382795698924728 0.03462499999999995
5 0.49376344086021506 0.6358125 0.021225806451612914 0.03331250000000008
5 0.5176344086021505 0.63840625 0.022817204301075297 0.03506250000000009
5 0.4826236559139785 0.61484375 0.022021505376344105 0.013937499999999936
5 0.5058924731182796 0.61440625 0.024408602150537684 0.013062500000000022
5 0.4938279569892473 0.6012500000000001 0.023526881720430104 0.01453124999999993
5 0.5178279569892473 0.6058749999999999 0.02083870967741935 0.025500000000000078
5 0.5016344086021505 0.585 0.027784946236559173 0.015812500000000007
4 0.503505376344086 0.5660000000000001 0.022021505376344105 0.02028125000000003
3 0.25159139784946233 0.07340624999999999 0.017935483870967748 0.028218750000000004