3 0.6071397849462365 0.15603125 0.02204301075268817 0.03678124999999999
2 0.5056344086021506 0.1566875 0.020860215053763415 0.025562500000000023
0 0.5046236559139785 0.7502187499999999 0.024322580645161296 0.04031249999999993
1 0.5055913978494624 0.36396875 0.02092473118279574 0.028718749999999994
5 0.3825591397849462 0.57084375 0.02055913978494624 0.03865625000000002
5 0.5235913978494624 0.659375 0.02124731182795698 0.030874999999999986
5 0.5027096774193548 0.6605000000000001 0.023526881720430104 0.03309374999999992
5 0.4867741935483871 0.64284375 0.02049462365591392 0.03528125000000006
5 0.5209247311827957 0.63734375 0.023526881720430104 0.024249999999999973
5 0.4826021505376344 0.623 0.024279569892473162 0.026468750000000086
5 0.5076559139784946 0.6246562499999999 0.022774193548387042 0.034187499999999996
5 0.49436559139784947 0.60371875 0.0250322580645161 0.01875
5 0.5156129032258064 0.60865625 0.02200000000000004 0.02865625000000005
5 0.5008172043010752 0.5860624999999999 0.024279569892473162 0.01875
5 0.5825806451612903 0.607125 0.024989247311827965 0.04084374999999998
5 0.6430967741935484 0.53221875 0.021075268817204205 0.03631250000000001
5 0.4361505376344086 0.67746875 0.022645161290322523 0.04084374999999998
5 0.4642795698924731 0.6791875 0.022645161290322523 0.039718749999999935
4 0.8412043010752689 0.5705625000000001 0.02735483870967748 0.03803125000000005
7 0.3745591397849462 0.12887500000000002 0.022172043010752693 0.03125
6 0.43070967741935484 0.18428125 0.01913978494623651 0.03128125000000002
5 0.1663010752688172 0.7119375 0.028709677419354828 0.040000000000000036