7 0.4038709677419355 0.1555 0.020172043010752677 0.030906250000000003
6 0.5909462365591398 0.73653125 0.02815053763440867 0.03996875000000007
2 0.506494623655914 0.15815625 0.020150537634408612 0.030874999999999986
3 0.6050752688172043 0.15859375 0.0238924731182796 0.03296874999999999
1 0.5056559139784946 0.36546875 0.022967741935483885 0.035781249999999966
0 0.5037204301075269 0.752 0.02692473118279566 0.03962500000000002
5 0.5499354838709677 0.67621875 0.022967741935483885 0.03371875000000006
5 0.49440860215053767 0.6367812500000001 0.020387096774193588 0.03303124999999998
5 0.5169892473118279 0.6384375 0.024752688172042993 0.037687500000000006
5 0.3753548387096774 0.8135 0.02619354838709679 0.03456249999999983
5 0.5059569892473118 0.61465625 0.020860215053763415 0.022749999999999916
5 0.5244946236559139 0.6080625000000001 0.021075268817204326 0.02993749999999995
5 0.45427956989247315 0.64996875 0.020344086021505333 0.02949999999999999
5 0.4824731182795699 0.625375 0.022279569892473147 0.027187499999999965
5 0.5063870967741936 0.59246875 0.018494623655914026 0.025500000000000078
4 0.508 0.57278125 0.02204301075268817 0.016906250000000077
5 0.5666021505376345 0.60821875 0.022430107526881612 0.03306249999999995
5 0.4675483870967742 0.63971875 0.022451612903225802 0.03156250000000007
5 0.49509677419354836 0.6056874999999999 0.023569892473118234 0.022812500000000034