3 0.6066236559139785 0.15721875000000002 0.022645161290322523 0.032906250000000005
2 0.507010752688172 0.15609375 0.020322580645161265 0.030656250000000006
7 0.4038924731182796 0.15553125 0.023440860215053715 0.031781250000000004
5 0.3740430107526882 0.815625 0.023849462365591344 0.0372187499999999
5 0.47279569892473117 0.63721875 0.026129032258064466 0.033218749999999984
5 0.496494623655914 0.63484375 0.021225806451612914 0.033218749999999984
5 0.5169032258064516 0.63721875 0.024494623655913948 0.03559374999999996
5 0.5173118279569893 0.60753125 0.02531182795698921 0.037968749999999926
5 0.5050537634408602 0.5885625 0.020408602150537653 0.02134374999999995
5 0.48178494623655915 0.61821875 0.02286021505376343 0.02371874999999992
5 0.507505376344086 0.61525 0.030215053763440886 0.020187499999999935
5 0.4952688172043011 0.6028125 0.020408602150537653 0.02134374999999995
4 0.5026021505376345 0.6520312500000001 0.02531182795698921 0.04153125000000006
6 0.544258064516129 0.8234999999999999 0.028580645161290368 0.0403437499999999
1 0.5062795698924731 0.364875 0.019591397849462396 0.03440624999999997