3 0.6050967741935483 0.1555 0.02292473118279563 0.03456250000000001
7 0.4047311827956989 0.15646875 0.0191612903225807 0.03181249999999998
1 0.5055698924731182 0.36465625 0.021892473118279583 0.026531250000000027
4 0.5064301075268818 0.58525 0.024924731182795645 0.03618749999999995
6 0.5315268817204301 0.11334375000000001 0.019870967741935502 0.03321875
2 0.5065806451612903 0.156125 0.021225806451612914 0.028374999999999994
5 0.1452258064516129 0.59421875 0.025483870967741924 0.03331250000000008
5 0.36602150537634404 0.6775 0.027182795698924702 0.03703125000000007
5 0.39023655913978494 0.58865625 0.02292473118279575 0.03209374999999994
5 0.4505376344086022 0.5966875 0.028021505376344027 0.03331250000000008
5 0.5728172043010753 0.6096250000000001 0.021225806451612914 0.03209374999999994
5 0.5299354838709677 0.5689062500000001 0.022086021505376304 0.03209374999999994
5 0.5048817204301076 0.54915625 0.021225806451612914 0.029625000000000058
0 0.5048817204301076 0.7496875000000001 0.021225806451612914 0.03331250000000008