7 0.40301075268817205 0.15440625 0.020817204301075285 0.03171875000000002
6 0.6145806451612903 0.51171875 0.022774193548387164 0.04096875000000004
2 0.5055483870967742 0.1559375 0.02021505376344081 0.03171875000000002
3 0.6049892473118279 0.15859375 0.020623655913978564 0.030218750000000006
1 0.5058709677419354 0.36496875 0.023440860215053715 0.03309375000000001
5 0.38888172043010755 0.58828125 0.026408602150537575 0.04243749999999995
5 0.4166666666666667 0.63915625 0.025956989247311813 0.038406250000000065
5 0.44847311827956987 0.59784375 0.02565591397849464 0.03787500000000001
5 0.5180645161290323 0.6389375 0.021827956989247263 0.03918750000000006
5 0.5326881720430108 0.5739375 0.024322580645161296 0.037968749999999926
5 0.49483870967741933 0.6398125 0.024129032258064575 0.03559374999999996
5 0.5071182795698925 0.54990625 0.024322580645161296 0.03403124999999996
0 0.5043655913978494 0.75134375 0.024924731182795645 0.04571874999999999