7 0.40516129032258064 0.15553125 0.02234408602150535 0.03300000000000001
3 0.6051612903225806 0.15659375 0.01800000000000001 0.03003125
1 0.5049677419354839 0.36640625 0.023526881720430104 0.03731249999999999
5 0.45202150537634406 0.6578125 0.02223655913978489 0.03268749999999994
5 0.471741935483871 0.63290625 0.022559139784946256 0.02756249999999998
4 0.5140430107526882 0.5643125 0.023913978494623667 0.023343750000000087
0 0.462 0.8249375000000001 0.025139784946236553 0.04328125000000007
6 0.5784086021505376 0.23893749999999997 0.023161290322580606 0.038406249999999975
5 0.5406021505376344 0.6371249999999999 0.022881720430107496 0.03659374999999994
5 0.5839784946236559 0.78584375 0.02632258064516131 0.041312499999999995
5 0.4861935483870968 0.57496875 0.02516129032258062 0.03987499999999997
5 0.3141720430107527 0.81609375 0.027118279569892503 0.03934375000000001
5 0.4810537634408602 0.65334375 0.02367741935483869 0.03428125000000008
5 0.5691182795698925 0.72734375 0.024193548387096774 0.03434375000000003
5 0.3587096774193549 0.56365625 0.022021505376344105 0.03643750000000008
5 0.5026666666666667 0.62415625 0.025010752688172034 0.027843750000000077
5 0.6176559139784946 0.6488125 0.024838709677419257 0.03459374999999998
5 0.5138494623655914 0.60203125 0.027849462365591375 0.020343749999999973
5 0.5238064516129032 0.58484375 0.02698924731182798 0.018093750000000065
5 0.5251612903225806 0.7283125 0.024645161290322536 0.03390625000000007
2 0.5133333333333333 0.1519375 0.018924731182795723 0.027718750000000014
5 0.5286236559139785 0.622875 0.02232258064516128 0.027218749999999937