5 0.4280215053763441 0.44903125 0.024580645161290337 0.030843750000000014
1 0.7074193548387097 0.05846875 0.015655913978494564 0.032468750000000005
3 0.6071397849462365 0.15603125 0.02204301075268817 0.03678124999999999
2 0.5056344086021506 0.1566875 0.020860215053763415 0.025562500000000023
7 0.4039784946236559 0.15528124999999998 0.022150537634408628 0.032187499999999994
5 0.1510967741935484 0.53621875 0.027892473118279568 0.038843750000000024
5 0.4626236559139785 0.6289687500000001 0.021612903225806477 0.032343750000000074
5 0.4685161290322581 0.60946875 0.021612903225806477 0.037124999999999984
5 0.4933978494623656 0.6170625000000001 0.024236559139784907 0.037124999999999984
4 0.5068387096774194 0.57996875 0.02488172043010751 0.037124999999999984
6 0.355247311827957 0.5375 0.02707526881720425 0.03934374999999992