3 0.6071397849462365 0.15603125 0.02204301075268817 0.03678124999999999
2 0.5056344086021506 0.1566875 0.020860215053763415 0.025562500000000023
0 0.5046236559139785 0.7502187499999999 0.024322580645161296 0.04031249999999993
1 0.5055913978494624 0.36396875 0.02092473118279574 0.028718749999999994
7 0.40462365591397853 0.15537499999999999 0.021290322580645112 0.029656249999999985
6 0.8558064516129033 0.59246875 0.02929032258064517 0.04256250000000002
5 0.49378494623655916 0.634375 0.027505376344086067 0.036093750000000036
5 0.5186236559139785 0.63371875 0.022193548387096758 0.037406250000000085
5 0.5301720430107527 0.568625 0.020408602150537653 0.036093750000000036
5 0.5053333333333333 0.54928125 0.022193548387096758 0.038687499999999986
5 0.4503010752688172 0.5963437500000001 0.022193548387096758 0.037406250000000085
5 0.4166021505376344 0.63371875 0.022193548387096758 0.037406250000000085
5 0.3899784946236559 0.5873125 0.023956989247311797 0.03224999999999998