1 0.7073118279569892 0.0551875 0.020731182795698896 0.027187499999999993
3 0.6052043010752689 0.1565625 0.023225806451612804 0.031937499999999994
2 0.5055483870967742 0.15484375 0.022559139784946256 0.03340624999999999
7 0.4039354838709678 0.15362499999999998 0.021333333333333367 0.032906250000000005
5 0.15094623655913977 0.54240625 0.026043010752688202 0.03615624999999998
6 0.3704731182795699 0.61165625 0.027569892473118265 0.04206249999999993
0 0.5041935483870967 0.7503124999999999 0.025892473118279614 0.04240624999999998
5 0.4616989247311828 0.6290625000000001 0.024107526881720385 0.035843750000000084
5 0.4929032258064516 0.6167812500000001 0.024774193548387058 0.03568750000000005
5 0.4695268817204301 0.6067812499999999 0.023655913978494623 0.032906249999999915
4 0.5060430107526882 0.58028125 0.026215053763440854 0.03778124999999992