7 0.40458064516129033 0.156 0.02090322580645167 0.03271875
2 0.5062150537634408 0.15796875 0.02092473118279574 0.031937499999999994
3 0.6067956989247313 0.157625 0.021569892473118222 0.03328125000000002
6 0.3513118279569893 0.74034375 0.027913978494623695 0.044593749999999946
5 0.4716989247311828 0.63778125 0.023053763440860273 0.035374999999999976
5 0.5184731182795699 0.63725 0.023376344086021517 0.03300000000000001
5 0.4944301075268817 0.63603125 0.02294623655913982 0.03309374999999992
1 0.5068817204301075 0.3635625 0.024129032258064575 0.038124999999999964
0 0.5039139784946236 0.7500312499999999 0.02735483870967748 0.04240624999999998
4 0.5029032258064516 0.65134375 0.023505376344086035 0.03562499999999993
5 0.4833978494623656 0.6115 0.024752688172042993 0.015562500000000057
5 0.5081290322580645 0.6119687500000001 0.024494623655913948 0.016531250000000063
5 0.4958709677419355 0.59878125 0.029010752688172062 0.015218750000000014
5 0.5175268817204302 0.60409375 0.023096774193548407 0.025125000000000064
5 0.5023870967741936 0.5855625 0.02679569892473114 0.01590624999999992