2 0.5055913978494624 0.15284375 0.01860215053763436 0.03209374999999999
5 0.4712903225806452 0.6409374999999999 0.022086021505376304 0.038843750000000024
5 0.48118279569892475 0.657 0.023247311827956994 0.030406250000000058
5 0.6617204301075269 0.80796875 0.02752688172043001 0.04181249999999999
7 0.39544086021505376 0.14750000000000002 0.01929032258064522 0.025375000000000016
5 0.7669462365591397 0.5568125 0.022967741935483763 0.03865625000000002
3 0.7106881720430108 0.033187499999999995 0.016086021505376382 0.02878125
1 0.5028602150537634 0.36490625 0.02294623655913982 0.02806249999999997
4 0.5063440860215054 0.584125 0.020666666666666694 0.03603124999999992
6 0.3501075268817205 0.35803124999999997 0.0238924731182796 0.036531249999999994
0 0.6386021505376344 0.815625 0.025139784946236678 0.03471875000000004
5 0.7781505376344086 0.82384375 0.027655913978494654 0.04018750000000004
5 0.8447741935483871 0.83846875 0.025139784946236678 0.025562499999999842