7 0.40458064516129033 0.156 0.02090322580645167 0.03271875
2 0.5062150537634408 0.15796875 0.02092473118279574 0.031937499999999994
3 0.6067956989247313 0.157625 0.021569892473118222 0.03328125000000002
6 0.5393978494623656 0.63796875 0.027913978494623695 0.044593749999999946
5 0.46243010752688174 0.6319375 0.025182795698924686 0.03656249999999996
5 0.46660215053763443 0.6161875 0.02165591397849461 0.03249999999999993
5 0.49520430107526886 0.6359375 0.024838709677419378 0.02840624999999992
4 0.49524731182795695 0.657875 0.028602150537634433 0.03934374999999992
1 0.5057849462365591 0.36503125000000003 0.024129032258064575 0.038124999999999964
5 0.5173333333333333 0.63796875 0.01989247311827957 0.032468749999999956
5 0.49006451612903223 0.60259375 0.023118279569892472 0.03206249999999997
5 0.5154193548387096 0.6136874999999999 0.023376344086021517 0.016437499999999973
5 0.5218064516129032 0.60084375 0.023096774193548407 0.02400000000000002
5 0.5051397849462366 0.58721875 0.025182795698924686 0.03156250000000007