7 0.3250752688172043 0.11765624999999999 0.019096774193548376 0.03256250000000001
2 0.5048387096774194 0.15625 0.0199354838709677 0.030156250000000016
4 0.8419569892473118 0.5707187499999999 0.028236559139784935 0.03618749999999995
5 0.4632043010752688 0.49143749999999997 0.023698924731182756 0.03715624999999996
5 0.642731182795699 0.5299375000000001 0.024946236559139835 0.03443749999999994
5 0.49374193548387096 0.6046875 0.022451612903225802 0.033531250000000054
5 0.48720430107526885 0.62778125 0.024322580645161296 0.027187499999999965
5 0.8131182795698926 0.60465625 0.023655913978494623 0.04053125000000009
5 0.8582795698924731 0.62428125 0.02556989247311825 0.036250000000000074
3 0.6063225806451613 0.15696875 0.0238924731182796 0.030374999999999996
1 0.5230537634408602 0.38849999999999996 0.02036559139784952 0.032781250000000026
5 0.48995698924731185 0.648625 0.020408602150537653 0.03081250000000004
5 0.46836559139784945 0.6760312500000001 0.022774193548387042 0.03309374999999992
5 0.45225806451612904 0.68971875 0.025118279569892488 0.035374999999999976
5 0.382 0.56934375 0.02434408602150536 0.03650000000000002
6 0.36393548387096775 0.70625 0.027483870967741877 0.03650000000000002