7 0.4039354838709678 0.1545625 0.020795698924731217 0.031062499999999993
3 0.6553548387096775 0.10609375000000001 0.024064516129032376 0.029875000000000006
6 0.37851612903225806 0.6715625000000001 0.029053763440860195 0.05159374999999997
4 0.5160645161290323 0.57503125 0.024387096774193495 0.04193750000000005
0 0.42255913978494625 0.836375 0.02556989247311825 0.02887500000000003
5 0.3130322580645161 0.81496875 0.026236559139784923 0.04018750000000004
5 0.660279569892473 0.806625 0.02578494623655916 0.04153124999999989
5 0.6630537634408602 0.65215625 0.024258064516128972 0.03993749999999992
5 0.5843655913978495 0.7843124999999999 0.025354838709677342 0.041343750000000054
2 0.504731182795699 0.1556875 0.02191397849462365 0.03559375
5 0.4978279569892473 0.182875 0.020344086021505333 0.03231250000000001
5 0.48017204301075267 0.6562187500000001 0.020451612903225787 0.030874999999999986
5 0.18666666666666665 0.54584375 0.02726881720430109 0.042312500000000065
5 0.4710537634408602 0.266375 0.0250322580645161 0.03628124999999995
5 0.5759354838709677 0.62396875 0.023784946236559024 0.03987499999999997
5 0.642752688172043 0.567875 0.02625806451612911 0.04453125
5 0.4931182795698925 0.63446875 0.02200000000000004 0.03849999999999998
5 0.47144086021505377 0.6371875 0.020193548387096746 0.031625000000000014
1 0.5031612903225806 0.36509375 0.02223655913978489 0.036812500000000005
5 0.784989247311828 0.8368437500000001 0.0250322580645161 0.030375000000000086