7 0.4035483870967742 0.156 0.020817204301075285 0.03171875000000002
2 0.5055483870967742 0.1559375 0.02021505376344081 0.03171875000000002
1 0.5042150537634409 0.3675625 0.023440860215053715 0.03309375000000001
5 0.14591397849462365 0.59265625 0.026408602150537638 0.04243749999999995
5 0.4487741935483871 0.5955625 0.02565591397849464 0.03787500000000001
5 0.3898279569892473 0.58771875 0.020795698924731217 0.03540624999999995
5 0.5061935483870967 0.54775 0.020688172043010763 0.03574999999999999
5 0.5212688172043011 0.69375 0.02619354838709679 0.03718749999999993
5 0.36526881720430104 0.68025 0.024322580645161296 0.03403124999999996
4 0.5064086021505376 0.5861875000000001 0.024301075268817227 0.03990624999999994
5 0.5301720430107527 0.5705 0.023655913978494623 0.03456250000000001
0 0.5037204301075269 0.7506875 0.025548387096774185 0.03978125000000006
6 0.7556344086021506 0.3605 0.025268817204301075 0.03846875000000001
3 0.6053978494623655 0.158 0.019526881720430194 0.02749999999999999