3 0.6071397849462365 0.15603125 0.02204301075268817 0.03678124999999999
2 0.5056344086021506 0.1566875 0.020860215053763415 0.025562500000000023
7 0.4039784946236559 0.15528124999999998 0.022150537634408628 0.032187499999999994
1 0.5066881720430108 0.3669375 0.020000000000000025 0.03634374999999999
5 0.3741935483870968 0.8137812500000001 0.026666666666666616 0.03874999999999993
5 0.47253763440860214 0.6363749999999999 0.025010752688172034 0.03512500000000003
5 0.49460215053763446 0.63396875 0.022494623655913936 0.03512500000000003
5 0.5192043010752688 0.63759375 0.025010752688172034 0.03268749999999994
5 0.518774193548387 0.6054999999999999 0.02417204301075271 0.029062500000000036
5 0.4833548387096774 0.61640625 0.020000000000000025 0.01453124999999993
5 0.5071182795698925 0.62003125 0.027505376344086067 0.021812500000000058
5 0.4958709677419355 0.6036875 0.025010752688172034 0.02059374999999992
5 0.5041935483870967 0.590375 0.023333333333333383 0.02059374999999992
6 0.5483655913978495 0.82346875 0.030000000000000037 0.0484375
4 0.5031182795698924 0.6525937500000001 0.024752688172042993 0.04034375000000008