6 0.642236559139785 0.42275 0.025397849462365472 0.04468750000000003
7 0.404 0.15415625 0.019720430107526915 0.03459374999999998
2 0.5129032258064516 0.151125 0.019182795698924764 0.030093749999999985
3 0.6493978494623657 0.10906249999999999 0.023118279569892472 0.03259374999999999
1 0.5061935483870967 0.36665625 0.02055913978494624 0.03018749999999999
0 0.4228387096774194 0.83690625 0.0261075268817204 0.036843749999999884
5 0.31245161290322576 0.8131562499999999 0.025677419354838703 0.03865625000000002
5 0.4853978494623656 0.80625 0.028516129032258045 0.03734375000000005
5 0.4024731182795699 0.5574375 0.024752688172042993 0.04009374999999995
5 0.45122580645161287 0.6581875 0.024215053763440842 0.03615624999999998
5 0.4800645161290322 0.65159375 0.02268817204301078 0.036843750000000064
5 0.537741935483871 0.6116875 0.023978494623655866 0.03862500000000004
4 0.5128817204301076 0.5673125 0.023333333333333383 0.035531250000000014
5 0.7226666666666667 0.8209687499999999 0.027161290322580637 0.04181249999999999
5 0.5294623655913978 0.78396875 0.02559139784946232 0.040406249999999935
5 0.5845376344086022 0.78440625 0.027419354838709678 0.04309374999999997
5 0.5916774193548388 0.7366875 0.027569892473118387 0.04162499999999998
5 0.48524731182795694 0.57315625 0.023935483870967732 0.03790624999999999
5 0.5772043010752688 0.62334375 0.0227526881720431 0.03650000000000002
5 0.49434408602150537 0.6310625 0.022451612903225802 0.03568750000000005
5 0.5224301075268817 0.58915625 0.024258064516128972 0.029187499999999922
5 0.4723225806451613 0.63471875 0.02109677419354839 0.027281250000000055