2 0.5055913978494624 0.15284375 0.01860215053763436 0.03209374999999999
5 0.4927956989247312 0.63334375 0.02092473118279574 0.03715624999999996
5 0.4712903225806452 0.6409374999999999 0.022086021505376304 0.038843750000000024
5 0.48118279569892475 0.657 0.023247311827956994 0.030406250000000058
5 0.6617204301075269 0.80796875 0.02752688172043001 0.04181249999999999
7 0.39544086021505376 0.14750000000000002 0.01929032258064522 0.025375000000000016
5 0.7669462365591397 0.5568125 0.022967741935483763 0.03865625000000002
3 0.7106881720430108 0.033187499999999995 0.016086021505376382 0.02878125
4 0.506752688172043 0.584375 0.023247311827956994 0.04053125000000009
6 0.5403870967741935 0.49821875000000004 0.026430107526881765 0.03475000000000002
0 0.6253118279569893 0.834625 0.022645161290322523 0.03475000000000002
5 0.5510967741935484 0.78525 0.025161290322580743 0.04206249999999993
5 0.4862795698924731 0.7313125 0.026430107526881765 0.04021875000000001
5 0.6366451612903227 0.560375 0.02767741935483872 0.03475000000000002
5 0.7851182795698924 0.8355312500000001 0.02767741935483872 0.025593750000000172