7 0.4038709677419355 0.1570625 0.020172043010752677 0.03196875000000001
2 0.5057634408602151 0.15471875 0.018860215053763403 0.032906250000000005
3 0.6042795698924731 0.1589375 0.020451612903225787 0.030093749999999985
1 0.5043225806451612 0.36471875 0.021763440860215064 0.03674999999999997
4 0.5061505376344086 0.57484375 0.021741935483870996 0.03396875000000001
5 0.5664301075268817 0.6066874999999999 0.025548387096774185 0.041031249999999984
5 0.5181720430107527 0.6073125 0.023849462365591344 0.031312499999999945
5 0.3749247311827957 0.8157500000000001 0.02522580645161294 0.03775000000000013
5 0.45273118279569896 0.65153125 0.022473118279569868 0.038718749999999955
5 0.473247311827957 0.637625 0.021612903225806477 0.03618749999999995
5 0.4838494623655914 0.6186875 0.019397849462365554 0.023843749999999986
5 0.5165161290322581 0.6371875 0.020236559139785 0.031187500000000055
5 0.49412903225806454 0.6393125000000001 0.021569892473118222 0.03356250000000003
6 0.3293118279569892 0.607625 0.030064516129032298 0.04831249999999994
5 0.49604301075268814 0.6016874999999999 0.021333333333333367 0.015656249999999972
5 0.5061075268817204 0.61646875 0.02124731182795698 0.014000000000000058