6 0.28827956989247316 0.5105625 0.02726881720430109 0.03896875000000009
2 0.5381290322580645 0.09796875000000001 0.019247311827956966 0.030937500000000017
3 0.6037849462365591 0.15559375 0.020688172043010763 0.03199999999999999
1 0.5041075268817204 0.36428125 0.022645161290322523 0.034781249999999986
5 0.16083870967741937 0.60128125 0.025075268817204295 0.041874999999999926
5 0.8569247311827958 0.659625 0.026301075268817243 0.03465624999999992
5 0.4260645161290323 0.5860937500000001 0.02354838709677417 0.034781249999999986
4 0.5096559139784946 0.5674375 0.02490322580645158 0.02243750000000002
5 0.5101505376344087 0.59003125 0.025634408602150573 0.03196875000000006
5 0.6578494623655914 0.5566875 0.022645161290322523 0.03674999999999997
7 0.40440860215053764 0.154125 0.021569892473118222 0.03225000000000002