3 0.6066236559139785 0.15721875000000002 0.022645161290322523 0.032906250000000005
2 0.507010752688172 0.15609375 0.020322580645161265 0.030656250000000006
7 0.4038924731182796 0.15553125 0.023440860215053715 0.031781250000000004
1 0.5065161290322581 0.36603125 0.020989247311827938 0.033906249999999985
6 0.5418709677419354 0.83146875 0.029548387096774213 0.036156250000000154
5 0.3735698924731183 0.81565625 0.02565591397849464 0.04065624999999997
4 0.5024516129032258 0.6513125 0.023290322580645128 0.03465624999999992
5 0.4726451612903226 0.63809375 0.023849462365591344 0.037968749999999926
5 0.5186451612903226 0.63809375 0.024989247311827965 0.03303124999999998
5 0.4942150537634409 0.635625 0.020451612903225787 0.03137500000000006
5 0.4823010752688172 0.616625 0.02159139784946241 0.02312499999999993
5 0.5052903225806452 0.61621875 0.02556989247311825 0.01899999999999995
5 0.5169462365591397 0.6075625 0.02159139784946241 0.03137500000000006
5 0.49393548387096775 0.6034375 0.02443010752688175 0.016499999999999914
5 0.5044516129032258 0.590625 0.029548387096774213 0.01899999999999995