7 0.40458064516129033 0.156 0.02090322580645167 0.03271875
2 0.5062150537634408 0.15796875 0.02092473118279574 0.031937499999999994
3 0.6067956989247313 0.157625 0.021569892473118222 0.03328125000000002
6 0.3493548387096774 0.7394999999999999 0.027913978494623695 0.044593749999999946
5 0.472 0.6367499999999999 0.024817204301075313 0.03656249999999996
5 0.5185376344086021 0.63584375 0.023784946236559145 0.03756249999999994
5 0.4942365591397849 0.6354375 0.024752688172042993 0.03200000000000003
0 0.5055698924731182 0.749625 0.026881720430107527 0.043031249999999945
4 0.5032903225806452 0.6528125 0.02812903225806448 0.03993749999999992
1 0.5064731182795699 0.36509375 0.024129032258064575 0.038124999999999964
5 0.48440860215053766 0.6145625 0.023354838709677448 0.01640625
5 0.5073763440860215 0.61503125 0.024537634408602203 0.016531250000000063
5 0.4944301075268817 0.6017812499999999 0.026838709677419394 0.015718749999999913
5 0.5025376344086022 0.58778125 0.0264731182795699 0.01584374999999998
5 0.5190322580645161 0.6070625 0.021870967741935518 0.028718749999999994