2 0.5064301075268818 0.15296875000000001 0.019247311827956966 0.030937500000000017
3 0.6037849462365591 0.15559375 0.020688172043010763 0.03199999999999999
5 0.3735698924731183 0.8182499999999999 0.025075268817204354 0.041874999999999926
4 0.5040645161290322 0.5665312499999999 0.02490322580645158 0.02243750000000002
7 0.4045376344086022 0.156375 0.019311827956989287 0.030406250000000013
6 0.6404301075268818 0.74546875 0.0249032258064517 0.0390625
0 0.5043440860215054 0.75128125 0.026215053763440854 0.04096875000000004
1 0.5037849462365591 0.366 0.023462365591397902 0.03571875000000002
5 0.453741935483871 0.64734375 0.02516129032258062 0.03762500000000006
5 0.4726021505376344 0.636125 0.02212903225806456 0.03143750000000001
5 0.4945806451612903 0.6366875000000001 0.019655913978494595 0.03331250000000008
5 0.5170967741935484 0.63890625 0.025956989247311813 0.03774999999999995
5 0.5660430107526881 0.6058749999999999 0.0238924731182796 0.040593750000000026
5 0.4832688172043011 0.6158125 0.025612903225806505 0.015249999999999986
5 0.5066881720430108 0.6141875 0.025010752688172034 0.015000000000000036
5 0.49410752688172044 0.6015312500000001 0.02638709677419351 0.015625
5 0.5186236559139785 0.60746875 0.021870967741935518 0.025999999999999978
5 0.5031612903225806 0.5873125 0.026623655913978486 0.018343750000000013