3 0.6050967741935483 0.1555 0.02292473118279563 0.03456250000000001
7 0.4047311827956989 0.15646875 0.0191612903225807 0.03181249999999998
1 0.5055698924731182 0.36465625 0.021892473118279583 0.026531250000000027
2 0.5147741935483872 0.15078125 0.017548387096774247 0.02784374999999999
5 0.40744086021505377 0.617 0.024731182795698924 0.034781249999999986
0 0.4609247311827957 0.8225 0.027698924731182784 0.03746875000000003
6 0.7740645161290323 0.45525000000000004 0.02313978494623654 0.03640624999999993
5 0.367247311827957 0.5685 0.025483870967741986 0.03703125000000007
5 0.40995698924731183 0.63165625 0.022494623655913936 0.03703125000000007
5 0.44744086021505375 0.62678125 0.02698924731182798 0.03375000000000004
5 0.4523010752688172 0.65834375 0.021741935483870996 0.03375000000000004
5 0.44107526881720427 0.67740625 0.02322580645161293 0.03703125000000007
5 0.4804086021505376 0.6534375 0.023978494623655866 0.03268749999999994
5 0.5268817204301075 0.73784375 0.022494623655913936 0.0359375
5 0.5684731182795698 0.7253437500000001 0.027720430107526853 0.04137500000000003
5 0.6172043010752688 0.649625 0.026236559139785044 0.0359375
5 0.512258064516129 0.60334375 0.021741935483870996 0.02396875000000005
5 0.5029032258064516 0.62296875 0.023978494623655866 0.028312500000000008
5 0.528 0.62678125 0.02322580645161293 0.03375000000000004
5 0.539247311827957 0.63821875 0.020236559139785 0.03268749999999994
5 0.5055268817204301 0.58975 0.020236559139785 0.025062499999999942
4 0.5085161290322581 0.56796875 0.024731182795698924 0.02287499999999998