7 0.40447311827956994 0.15621875000000002 0.023247311827956994 0.028718749999999994
2 0.5055913978494624 0.15284375 0.01860215053763436 0.03209374999999999
3 0.6543440860215053 0.10471875 0.023247311827956873 0.033781250000000006
4 0.5160430107526882 0.58015625 0.02556989247311825 0.038843750000000024
5 0.6438924731182796 0.56578125 0.02556989247311825 0.04053125000000009
5 0.4927956989247312 0.63334375 0.02092473118279574 0.03715624999999996
5 0.4712903225806452 0.6409374999999999 0.022086021505376304 0.038843750000000024
5 0.48118279569892475 0.657 0.023247311827956994 0.030406250000000058
1 0.5038494623655914 0.36565625 0.024408602150537684 0.03209375000000003
5 0.7844301075268817 0.8357187500000001 0.025139784946236678 0.03106250000000017
5 0.6628172043010753 0.657625 0.021698924731182866 0.042031249999999964
5 0.18666666666666665 0.54890625 0.022709677419354844 0.04215625000000003
5 0.5802150537634408 0.13859375000000002 0.023849462365591465 0.03174999999999999
5 0.5833118279569892 0.78184375 0.024043010752688065 0.034937500000000024
5 0.6610752688172042 0.8055 0.021204301075268845 0.04109374999999993
5 0.5776559139784947 0.62159375 0.024043010752688065 0.03903125000000003
5 0.6483655913978494 0.15840625 0.023763440860214955 0.025531250000000005
6 0.3642150537634409 0.04278125 0.019634408602150526 0.025531249999999995