4 0.5083870967741936 0.57596875 0.02118279569892478 0.027218749999999937
5 0.4753978494623656 0.59965625 0.02036559139784952 0.03196875000000006
5 0.47987096774193544 0.6209687500000001 0.01954838709677414 0.03196875000000006
5 0.49453763440860216 0.64640625 0.02118279569892478 0.035531250000000014
5 0.5067741935483872 0.6168125 0.022817204301075297 0.03315625000000004
5 0.5055483870967742 0.5943125 0.02036559139784952 0.016562500000000036
5 0.5271397849462366 0.60675 0.02118279569892478 0.029593750000000085
5 0.5185806451612903 0.6381249999999999 0.02200000000000004 0.03315625000000004
1 0.5059569892473118 0.36524999999999996 0.02118279569892478 0.036687500000000026
5 0.5666451612903226 0.25393750000000004 0.02200000000000004 0.036687500000000026
3 0.603720430107527 0.15509375 0.02118279569892478 0.03315625
7 0.40288172043010756 0.1545 0.02036559139784952 0.029593749999999995
2 0.5381290322580645 0.09825 0.02200000000000004 0.030781250000000003
5 0.8554623655913979 0.65834375 0.024344086021505482 0.04106249999999996
6 0.5847096774193548 0.49703125000000004 0.02733333333333341 0.040593750000000026
0 0.5069677419354839 0.74775 0.026494623655913964 0.03734374999999997
5 0.2475268817204301 0.41940625000000004 0.02361290322580643 0.03706250000000004